native_generic_icon = {
	graphical_culture = westerngfx
	color = { 226 85 85 }
	icon = 1
	
	unit = human_inf_a_1
	
	provinces = {   
        #---------------------
        # Eastern Kingdoms
        #---------------------
		505 506 507 511 515 516 517 518 519 520 521 525 527 528 531 533 536 537 538 539 540 542 543 547 548 550 552 553 554 556 557 558 560 561 565 567 571 574 575 580 581 585 586 587 589 591 592 593 594 596 597 601 602 603 605 606 607 608 609 610 612 613 614 618 619 622 623 624 625 626 627 629 630 631 632 636 637 638 641 642 643 644 646 648 650 652 653 655 656 659 660 661 662 663 669 671 672 673 676 677 681 682 683 685 686 687 688 690 693 697 698 701 702 703 704 705 707 710 711 715 716 717 720 721 722 723 724 725 727 729 730 731 735 736 737 739 740 741 742 743 744 746 750 751 752 755 756 757 760 763 771 772 773 774 775 776 778 783 784 785 787 788 789 790 791 792 799 800 801 802 803 804 805 806 807 808 809 814 815 816 817 820 821 822 836 837 838 839 841 842 843 844 845 848 852 853 855 856 858 859 860 863 864 868 869 870 872 873 874 875 876 878 879 883 884 885 887 888 889 890 891 892 897 902 903 904 908 913 914 915 920 921 922 925 926 927 928 931 932 937 938 941 942 943 944 945 949 953 954 956 958 959 960 961 962 964 966 969 970 973 975 976 978 979 981 984 985 986 988 990 991 992 993 994 996 997 999 1000 1003 1004 1005 1007 1009 1010 1011 1012 1013 1015 1016 1020 1021 1022 1025 1026 1027 1028 1029 1032 1033 1034 1035 1037 1038 1039 1041 1042 1043 1044 1045 1046 1047 1048 1050 1054 1055 1056 1057 1058 1061 1064 1125 1134 1137 1140 1142 1478 1480 1500 1502 1504 1505 1506 1507 1523 1525 1601 1618 1639 1653 1659 1741 1742 1743 1744 1745 1746 1747 1748 1749 1750 1751 1752 1753 1754 1755 1756 1757 1758 1759 1760 1761 1762 1763 1764 1765 1766 1767 1768 1769 1770 1771 1772 1825 1827 1830 1831 1844 1875 1916 1921 1922 1923 1924 1925 1926 1927 1928 1929 1930 1931 1932 1933 1934 1935 1936 1937 1938 1939 1940 1941 1942 1943 1944 1945 1946 1947 1948 1949 1950 1951 1952 1953 1954 1955 1956 1957 1958 1959 1960 1961 1962 1964 1965 1966 1967 1968 1969 1970 1971 1972 1973 1974 1975 1976 1977 1978 1979 1980 1981 1982 1983 1984 1985 1986 1987 1988 1989 1990 1991 1992 1993 1994 1995 1996 1997 1998 1999 2000 2001 2002 2016 2017 2018 2020 2021 2022 2023 2024 2025 2026 2027 2096 2124 2138 2139 2140 2141 2142 2143 2144 2145 2146 2147 2148 2149 2150 2151 2152 2153 2154 2155 2156 2157 2158 2159 2160 2161 2162 2163 2164 2165 2166 2167 2168 2169 2170 2171 2172 2173 2174 2175 2176 2177 2178 2179 2180 2181 2182 2183 2184 2185 2186 2187 2188 2189 2190 2191 2192 2193 2194 2195 2196 2197 2198 2199 2200 2202 2203 2204 2205 2206 2207 2208 2209  2211 2212 2213 2214 2215 2473 2474 2475 2476 2477 2505 2506 2507 2510 2511 2512 2513 2514 2515 2517 2518 2519 2520 2954 2955 2956 2957 2958 2959 2960 2961 2962 2963 2964 2965 2966 2967 2968 2969 2970 2971 2972 2973 2974 2975 2976 2977 2978 2979 2980 2981 2982  2984 2985 2986 2987 2988 2989 2990 2991 2992 2993 2994 2995 2996 2997 2998 2999 3000 3001 3002 3003 3004 3005 3006 3007 3016 3017 3018 3019 3020 3021 3022 3023 3024 3025 3026 3027 3028 3029 3030 3031 3032 3033 3034 3035 3036 3037 3038 3039 3040 3041 3042 3043 3044 3045 3047 3048 3049 3050 3051 3052 3053 3054 3055 3056 3057 3058 3059 3060 3061 3062 3063 3064 3065 3066 3067 3068 3069 3070 3072 3073 3074 3075 3077 3078 3079 3080 3154 3155 3156 215
        1001 1006 1208 2516 4106 4105 4107 4110 4748 4749 4750 4751 4752 4753 4754 4755
        
        #---------------------
        # Northrend
        #---------------------
        509 510 522 523 526 529 530 541 544 545 546 562 563 564 576 578 582 583 584 595 598 599 600 615 628 633 634 635 645 649 651 664 679 680 692 695 696 706 708 712 713 714 726 728 732 733 734 747 748 749 753 761 762 764 766 767 769 777 779 780 781 782 794 795 796 797 810 811 812 825 826 827 828 829 830 832 833 834 835 846 849 850 851 862 865 866 867 880 881 882 893 894 895 896 898 899 900 901 911 916 917 918 919 930 933 934 936 939 946 947 950 951 967 968 971 982 983 995 998 1002 1017 1018 1019 1051 1052 1225 1226 1227 1228 1229 1233 1258 1259 1260 1261 1262 1263 1264 1265 1266 1267 1268 1269 1270 1271 1272 1273 1274 1275 1276 1277 1278 1279 1280 1281 1282 1283 1284 1285 1286 1287 1288 1289 1290 1291 2097 2098 2099 2100 2102 2103 2104 2105 2106 2107 2108 2109 2110 2111 2112 2113 2114 2115 2116 2117 2118 2119 2120 2121 2122 2123 2125 2126 2127 2128 2129 2130 2131 2132 2133 2134 2331 2332 2333 2334 2335 2336 2337 2338 2339 2340 2341 2342 2343 2344 2345 2346 2347 2348 2349 2350 2351 2352 2353 2354 2355 2356 2357 2358 2359 2360 2361 2362 2363 2364 2365 2366 2367 2368 2369 2370 2371 2372 2373 2374 2375 2376 2377 2378 2379 2380 2381 2382 2383 2384 2385 2386 2387 2388 2389 2390 2391 2392 2393 2394 2395 2396 2397 2398 2399 2400 2401 2402 2403 2404 2405 2406 2407 2408 2409 2410 2411 2412 2413 2414 2415 2416 2417 2418 2419 2420 2421 2422 2423 2424 2425 2426 2427 2428 2429 2430 2431 2432 2433 2434 2435 2436 2437 2438 2439 2440 2441 2442 2443 2444 2445 2446 2447 2448 2449 2450 2451 2452 2453 2454 2455 2456 2457 2458 2459 2460 2461 2462 2463 2464 2465 2466 2467 2468 2478 2479 2480 2481 2482 2483 2484 2485 2486 2487 2488 2489 2490 2491 2492 2493 2494 2495 2496 2497 2498 2499 2500 2501 2502 2503 3220 3221 3222 3223 3224 3225 3226 3227 3228 3229 3230 3231 3232 3233 3234 3235 3236 3237 3238 3239 3240 3241 3242 3243 3244 3245 3246 3247 3248 3249 3250 3251 3252 3253 3254 3255 3256 3257 3258 3259 3260 3261 3262 3263 3264 3265 3266 3268 3269 3270 3271 3272 3273 3274 3275 3276 3277 3278 3279 3280 3281 3282 3283 3284 3285 3286 3287 3288 3289 3290 3291 3292 3293 3294 3295 3296 3297 3298 3299 3300 3301 3302 3303 3304 3305 3306 3307 3308 3309 3310 3311 3312 3313 3314 3315 3316 3317 3318 3319 3320 3321 3322 3323 3324 3343 4093 4103 4101 4102 4096 4095 4098 4100 4099 4097 4104 4786 4787 4788 4789 4790 4791 4792 4793 
    
        #---------------------
        # Draenor
        #---------------------
        3748 3749 3750 3751 3752 3753 3754 3755 3756 3757 3758 3759 3760 3761 3762 3763 3764 3765 3766 3767 3768 3769 3770 3771 3772 3773 3774 3775 3776 3777 3778 3779 3780 3781 3782 3783 3784 3785 3786 3787 3788 3789 3790 3791 3792 3793 3794 3795 3796 3797 3798 3799 3800 3801 3802 3803 3804 3805 3806 3807 3808 3809 3810 3811 3812 3813 3814 3815 3816 3817 3818 3819 3820 3821 3822 3823 3824 3825 3826 3827 3828 3829 3830 3831 3832 3833 3834 3835 3836 3837 3838 3839 3840 3841 3842 3843 3844 3845 3846 3847 3848 3849 3850 3851 3852 3853 3854 3855 3856 3857 3858 3859 3860 3861 3862 3863 3864 3865 3866 3867 3868 3952 3953 3954
        5381 5382 5383 5384 5385 5386 5387 5388 5389 5390 5391 5392 5393 5394 5395 5396 5397 5398 5399 5400 5401 5402 5403 5404 5405 5406 5407 5408 5409 5410 5411 5412 5413 5414 5415 5416 5417 5418 5419 5420 5421 5422 5423 5424 5425 5426 5427 5428 5429 5430 5431 5432 5433 5434 5435 5436 5437 5438 5439 5440 5441 5442 5443 5444 5445 5446 5447 5448 5449 5450 5451 5452 5453 5454 5455 5456 5457 5458 5459 5460 5461 5462 5463 5464 5465 5466 5467 5468 5469 5470 5471 5472 5473 5474 5475 5476 5477 5478 5479 5480 5481 5482 5483 5484 5485 5486 5487 5488 5489 5490 5491 5492 5493 5494 5495 5496 5497 5498 5499 5500 5501 5502 5503 5504 5505 5506 5507 5508 5509 5510 5511 5512 5513 5514 5515 5516 5517 5518 5519 5520 5521 5522 5523 5524 5525 5526 5527 5528 5529 5530 5531 5532 5533 5534 5535 5536 5537 5538 5539 5540 5541 5542 5543 5544 5545 5546 5547 5548 5549 5550 5551 5552 5553 5554 5555 5556 5557 5558 5559 5560 5561 5562 5563 5564 5565 5566 5567 5568 5569 5570 5571 5572 5573 5574 5575 5576 5577 5578 5579 5580 5581 5582 5583 5584 5585 5586 5587 5588 5589 5590 5591 5592 5593 5594 5595 5596 5597 5598 5599 5600 5601 5602 5603 5604 5605 5606 5607 5608 5609 5610 5611 5612 5613 5614 5615 5616 5617 5618 5619 5620 5621 5622 5623 5624 5625 5626 5627 5628 5629 5630 5631 5632 5633 5634 5635 5636 5637 5638 5639 5640 5641 5642 5643 5644 5645 5646 5647 5648 5649 5650 5651 5652 5653
        
        #---------------------
        # Broken Isles
        #---------------------
        2634 2635 2636 2637 2638 2639 2640 2641 2642 2643 2644 2645 2646 2647 2648 2649 2650 2651 2652 2653 2654 2655 2656 2657 2658 2659 2660 2661 2662 2663 2664 2665 2666 2667 2668 2669 2670 2671 2672 2673 2674 2675 2676 2677 2678 2679 2680 2681 2682 2683 2684 2685 2686 2687 2688 2689 2690 2691 3178 3179 3180 3181 3182 3183 3184 3185 3186 3187 3188 3189 3190 3191 3192
        4232 4233 4234 4235 4236 4237 4238 4239 4240 4241 4242 4243 4244 4245 4246 4247 4248 4249 4250 4251 4252 4253 4254 4255 4256 4257 4258 4259
        4260 4261 4262 4263 4264 4265 4266 4267 4268 4269
        
        #---------------------
        # Kul Tiras
        #---------------------
        # Kul Tiras
        570 3011 3015 3013
        257 258 259 260
        262 261 3009 
        2015 179 3012  
        3014 182 181
        824 2014 639
        264 277 263 280
        281 279 278
        171 170 180
        169 11 168 3010 1
        4108
        4109
        
        # Mechagon
        2702 2703 2706
        246 249 2708 2707 
        247 2705 2701 2704
         
        #---------------------
        # South Seas
        #---------------------
        4065 4066 4067 4068 4069 4070 4064 4071 4073 4072 4085 4086 4083 4084 4082 4081 4074 4075 4076 4078 4077 4079 4080 4088 4087 1097 1098 1100 1101 1109 1106 1107 1103 1102 1104 1099 1105
	
        #---------------------
        # Plunder Isle
        #---------------------
        3207 2472 3208 4756 4782
        4137 4763
        3209 4134 4764
        4135 4757 4758 
        4136 4759 4781
        4140 4138 4760 4765
        4139 4761 4762
        4131 4130 4783 4784 4785 
        4133 4132 4778 4779 4780
        27 28 29 33 36 37 38 39 40 44 45 46 57 62 74 75 78 84 96 97 98 99 100 101 102 103 104 105 106 108 109 112 113 114 119 120 121 123 125 126 127 129 130 131 132 133 134 135 136 137 139 141 143 144 149 150 152 153 154 155 156 157 158 159 167 174 176 177 178 183 
        
        #---------------------
        # Paradise Isles
        #---------------------
        4115 4114 4112 4116 4117 4113 4118 4141 4142 4143 4144 4145 4146 4147 4148 4149 4150 4151 4152 4153 4154 3091 3092 3093 3094 3095 3096 3097 3098 3099 3100 3101 3102 3103 3104 3105 3106 3107 3108 3109 3110 3111 3112 3113 3114 3115 3116 3117 3118 3119 3120 3121 3122 3123 3124 3125 3126 3127 3128 3129 3130 3131 3132 3133 3134 3135 3136 3137 3138 3139 3140 3141 3142 3143 3144 
        
        #---------------------
        # Ocean
        #---------------------
        573 577 579 588 590  611 620 621 616 617 3171 3172 3173 3174 3175 3176 3177 4111 4887 4888 4889 4890 4891 4892 4893 4894 4895 4896 4897 4898 4899 4900 4901 4902 4903 4904 4905 4906 4907 4908 4909 4910 4911 4912 4913 4914 4915 4916 4917 4918 4919 4920 4921 4922 4923 4924 4925 4926 4927 4928 4929 4930 4931 4932 4933 4934 4935 4936 4937 4938 4939 4940 4941 4942
        
        #---------------------
        # Elemental Planes
        #---------------------
        2522 2523 2524 2525 2526 2527 2528 2529 2530 2531 1561 1560
        
        3157 3160 3158 2700 3159 2532 2533 2534 2535 2536 2537 2538 2539 2540 2541 2542  
        
        2543 2544 2545 2546 2547 2548 2549 2550 2551 2552 2553 2554 2555 2556 2557 2558 2559 2561 2562 2563 2564 2565 2566 2568 2569 2570 
        
        2571 2572 2576 2578 2579 2580 2581 2583 2584 2585 2589 2590 2591 2592 2593 2594 2595 2596 2597 2598 2599 2600 2601 2602 2603 2604 2605 2606 
        
        #---------------------
        # Argus
        #---------------------
        2764 2765 2766 2767 2768 2769 2770 2771 2772 2773 2774 2775 2776 2777 2778 2779 2780 2781 2782 2783 2784 2785 2786 2787 2788 2789 2790 2791 2792 2793 2794 2795 2796 2797 2798 2799
        
        #---------------------
        # Shadowlands
        #---------------------
        4808 4809 4810 4811 4812 4813 4814 4815 4816 4817 4818 4819 4820 4821 4822 4823 4824 4825 4826 4827 4828 4829 4830 4831 4832 4833 4834 4835 4836 4837 4838 4839 4840 4841 4842 4843 4844 4845 4846 4847 4848 4849 4850 4851 4852 4853 4854 4855 4856 4857 4858 4859 4860 4861 4862 4863 4864 4865 4866 4867 4868 4869 4870 4871 4872 4873 4874 4875 4876 4877 4878 4879 4880 4881 4882 4883 4884 4885 4886 
        
        #---------------------
        # Khaz Algar
        #---------------------
        5985 5986 5987 5988 5989 5990 5991 5992 5993 5994 5995 5996 5997 5998 5999 6000 6001 6002 6003 6004 6005 6006 6007 6008 6009 6010 6011 6012 6013 6014 6015 6016 6017 6018 6019 6020 6021 6022 6023 6024 6025 6026 6027 6028 6029 6030 6031 6032 6033 6034 6035 6036 6037 6038 6039 6040 6041 6042 6043 6044 6045 6046 6047 6048 6049 6050 6051 6052 6053 6054 6055 6056 6057 6058 6059 6060 6061 6062 6063 6064 6065 6066 6067 6068 6069 6070 6071 6072 6073 6074 6075 6076 6077 6078 6079 6080 6081 6082 6083 6084 6085 6086 6087 6088 6089 6090 6091 6092 6093 6094 6095 6096 6097 6098 6099 6100 6101 6102 6103 6104 6105 6106 6107 6108 6109 6110 6111 6112 6113 6114 6115 6116 6117 6118 6119 6120 6121 6122 6123 6124 6125 6126 6127 6128 6129 6130 6131 6132 6133 6134 6135 6136 6137 6138 6139 6140 6141 6142 6143 6144 6145 6146 6147 6148 6149 6150 6151 6152 6153 6154 6155 6156 6157 6158 6159 6160 6161 6162 6179 6180
	}
}
natives_dragonkin_icon = {
	graphical_culture = westerngfx
	color = { 230 128 86 }
	icon = 4
	
	unit = human_inf_a_1
	
	provinces = {
		# Azure Span
        2802 2804 5139 5141 5142 5143
        2838 2839 5164 5165 5166 5204 5205
        2808 5128 5129 5130 
        2807 5126 5127 5132 5133 5134
        2833 2834 5154 5155 5156 5157
        2815 2816 5196 5200 5201 5202 5203
        2823 2825 5174 5175 5176 5177
        2803 2809 5131 5137 5138 
        2826 2827 5184 5185 5181 5182 5183
        2820 5192 5193 5194 5195 5197 
        2829 5186 5187 5190 5191
        2805 2806 2822 5135 5136 5172 5173 
        2810 2811 2812 5123 5124
        2840 5150 5151 5152 5167 5168 5169
        2824 2821 5178 5179 5180 5198 5199 
        2828 2830 5125 5188 5189
        2801 5140 5144 5145 5146 5147 5148
        2813 2814 2831  5163 5159
        2835 5160 5161 5162
        5153 5158 5170 5171
        
        # Forbidden Reach
        2915 2916 5370 5371 5372 5373
        2917 5364 5365 5366 5367 5368 5369 
        2918 5359 5360 5361 5362 5363
        2912 2913 2914 5358 5380
        5374 5375 5376 5377 5378 5379

        # Ohn'ahran Plains
        2847 2846 5209 5210 5211 5212
        2849 5218 5219 5220 5221 5222 5223
        2848 2850 5213 5214 5215 5216 5217
        2841 5206 5207 5224 5225 5226
        2836 2842 5227 5229 5230 5231
        2843 5228 5232 5233 5234 5235 5239
        2844 2856 5240 5241 5242 5243 5244 5245
        2845 5236 5237 5238 5252 5255
        2837 5246 5247 5248 5249 5250 5251 5253
        2859 2857 2861 5256 5257 5258
        2851 2858 2860 5254 5259 5261 5262 
        2863 5263 5269 5270 5283 5284 5285
        2873 2895 5271 5286 5287 5288
        2852 2853 5260 5264 5265
        2862 5266 5267 5268 5282
        2854 5272 5273 5274 5275 5276 5277 5278 5279 5280 5281  

        # Thaldrasszus
        2904 2900 2909 5324 5325 5326 5329 5330 5331
        2901 5349 5350 5351 5352 
        2898 5333 5334 5335 5337 5338 5339
        2905 5316 5317 5320 5323
        2910 2911 2919 5314 5315
        2899 5327 5328
        2819 5353 5354 5355 5356 5357
        2817 2818 5345 5346 5347 5348
        2902 5341 5342 5343 5344
        2908 5332 5321 5322 
        2906 2907 5318 5319
        2896 2897 2903 5336 5340

        # Waking Shores
        2883 2882 2884 2885 5312
        2879 2880 2881 2889 5308 5309
        2875 2872 2878 5305
        2874 5301 5302 5303 5304
        2886 2887 2888 2891 5310 5311
        2892 2893 2894 2890
        2869 5293 5294 5295 5296 5297
        2866 2867 2868 5292
        2864 2870 5290 5291
        2855 2865 5208 5289
        2877 2876 5306 5307
        2871 5298 5299 5300
	}
}
native_troll_icon = {
	graphical_culture = westerngfx
	color = { 113 226 85 }
	icon = 2
	
	unit = human_inf_a_1
	
	provinces = {
		# Zuldazar
        2619 2750 2469 2749 2747 2751 2748 2613 
        2746 2745 2744 1133 2616
        2611 2471 2509
        2758 2621 2757 
        2470 2620 1108 2756 
        1112 2742 2508 2743
        2622 1136 2755 
        1135 2615 
        2614 2752 2754 2753
        1110 2617 2740 2741
        1111 2720 2739
        1232 2612 2760
        4772 4773 4776 
        4767 4768 4769  
        
        # Nazmir
        1122 2723 2724 2722
        1127 2624 2623 2727
        2625 1123 2618
        1126 1124 2718 2719 2721
        2726 2725 1132 2715
        2709 2710 2711 2712 1128
        2714 1129 2713
        2716 2717 1130
        
        # Voldun
        1119 2629 2628 1118
        1115 1131 2736 2737 1117
        2626 1120 2730 2731 2729
        2627 2630 2733 2728
        2633 1114 2738 2759
        2632 1116 2735 2734
        1113 2631 2732
	}
}
natives_night_elf_icon = {
	graphical_culture = westerngfx
	color = { 85 135 226 }
	icon = 3
	
	unit = human_inf_a_1
	
	provinces = {
		#---------------------
        # Kalimdor
        #---------------------
        360 361 362 363 364 365 366 367 416 448 472 473 474 475 476 477 480 481 482 483 568 569 572 1014 1065 1067 1068 1069 1070 1071 1072 1073 1074 1075 1076 1077 1078 1079 1080 1081 1082 1083 1084 1085 1086 1087 1088 1089 1090 1091 1092 1093 1094 1095 1234 1235 1236 1237 1238 1239 1240 1241 1242 1243 1244 1245 1246 1247 1248 1249 1250 1251 1252 1253 1254 1255 1256 1257 1292 1293 1294 1295 1296 1297 1298 1299 1300 1301 1302 1303 1304 1305 1306 1307 1308 1309 1310 1311 1312 1313 1314 1315 1316 1317 1318 1319 1320 1321 1322 1323 1324 1325 1326 1327 1328 1329 1330 1331 1332 1333 1334 1335 1336 1337 1338 1339 1340 1341 1342 1343 1344 1345 1346 1347 1348 1349 1350 1351 1352 1353 1354 1355 1356 1357 1358 1359 1360 1361 1362 1363 1364 1365 1366 1367 1368 1369 1370 1371 1372 1373 1374 1375 1376 1377 1378 1379 1380 1381 1382 1383 1384 1385 1386 1387 1388 1389 1390 1391 1392 1393 1394 1395 1396 1397 1398 1399 1400 1401 1402 1403 1404 1405 1406 1407 1408 1409 1410 1412 1416 1418 1420 1421 1422 1423 1424 1426 1427 1428 1429 1430 1431 1432 1433 1434 1436 1438 1439 1440 1441 1442 1443 1444 1445 1446 1447 1448 1449 1450 1451 1452 1453 1454 1455 1456 1457 1458 1459 1460 1461 1462 1463 1464 1465 1467 1468 1469 1470 1471 1472 1473 1474 1475 1476 1477 1482 1483 1484 1485 1486 1487 1488 1489 1490 1491 1492 1493 1494 1495 1496 1497 1498 1499 1508 1509 1510 1511 1512 1513 1514 1515 1516 1517 1518 1519 1520 1521 1522 1526 1527 1528 1529 1530 1531 1532 1533 1534 1535 1536 1537 1538 1539 1540 1541 1542 1543 1544 1545 1546 1547 1548 1549 1550 1551 1552 1553 1554 1555 1556 1557 1558 1559 1562 1563 1564 1565 1566 1567 1568 1569 1570 1571 1572 1573 1574 1575 1576 1577 1578 1579 1580 1581 1582 1583 1584 1585 2135 2136 2201 2216 2217 2218 2219 2220 2221 2222 2223 2224 2225 2226 2227 2228 2229 2230 2231 2232 2233 2234 2235 2236 2237 2238 2239 2240 2241 2242 2243 2244 2245 2246 2247 2248 2249 2250 2251 2252 2253 2254 2255 2256 2258 2259 2260 2261 2262 2263 2264 2265 2266 2267 2268 2269 2270 2271 2272 2273 2274 2275 2277 2278 2279 2280 2281 2282 2283 2284 2285 2286 2287 2288 2289 2290 2291 2292 2293 2294 2295 2296 2297 2298 2299 2300 2301 2302 2303 2304 2305 2306 2307 2308 2309 2310 2311 2312 2313 2314 2315 2316 2317 2318 2319 2320 2321 2322 2323 2324 2325 2326 2327 2328 2329 2330 2504 2949 2950 2951 2952 2953 3161 3162 3163 3164 3165 3166 3167 3168 3169 3170 3194 3195 3197 3198 3199 3200 3202 3203 3204 3205 3206 3215 3216 3217 3218 3219 3267 3325 3326 3327 3328 3329 3330 3331 3332 3333 3334 3335 3336 3337 3338 3339 3340 3341 3342 3344 3345 3346 3347 3348 3349 3350 3351 3352 3353 3354 3355 3356 3357 3358 3360 3361 3362 3363 3364 3365 3366 3367 3368 3369 3370 3371 3372 3373 3374 3395 3396 3397 3398 3399 3400 3401 3402 3403 3404 3405 3406 3407 3408 3409 3410 3411 3412 3413 3414 3415 3416 3417 3418 3419 3420 3421 3422 3423 3424 3425 3426 3427 3428 3429 3434 3435 3436 3437 3438 3439 3440 3441 3442 3443 3444 3445 3446 3447 3448 3449 3451 3452 3453 3454 3455 3456 3457 3458 3459 3460 3461 3462 3463 3464 3465 3466 3467 3468 3469 3470 3471 3472 3473 3474 3475 3477 3478 3479 3480 3481 3482 3483 3484 3485 3486 3487 3488 3489 3490 3491 3492 3493 3494 3495 3496 3497 3498 3499 3500 3501 3502 3503 3504 3505 3506 3507 3508 3509 3510 3511 3512 3513
        3634 3635 3636 3637 3638 3639 3640 3641 3642 3643 3644 3645 3646 3647 3648 3649 3650 3651 3652 3653 3654 3655 3656 3657 3658 3659 3660 3661 3662 
        3663 3664 3665 3666 3667 3668 3669 3670 3671 3672 3673 3674 3675 3676 3677 3678 3679 3680 3681 3682 3683 3684 3685 3686 3687 3688 3689 3690 3691 3692 3693 3694 3695
        4061 4060 4058 4057 4059 4062 4063 4089 4090 4092 4091 4094 4449 4450 4451 4452 4453 4454 4455 4456 4457 4458 4459 4460 4461 4462 4463 4464 4465 4466 4467 4468 4469 4470 4471 4472 4473 4474 4475
        4476 4477 4478 4479 4480 4481 4482 4483 4484 4485 4486 4487 4488 4489 4490 4491 4492 4493 4494 4495 4496 4497 4498 4499 4500 4501 4502 4503
        4504 4505 4506 4507 4508 4509 4510 4511 4512 4513 4514 4515 4516 4517 4518 4519 4520 4521 4522 4523 4524
        4525 4526 4527 4528 4529 4530 4531 4532 4533 4534 4535 4536 4537 4538 4539 4540 4541 4542 4543 4544 4545 4546 4547 4548 4549 4550 4551 4552 4553 4554 4555 4556 4557 4558 4559 4560 4561 4562 4563 4564 4565 4566 4567 4568
        4569 4570 4571 4572 4573 4574 4575 4576 4577 4578 4579 4580 4581 4582 4583 4584 4585 4586 4587 4588 4589 4590 4591 4592 4593 4594 4595 4596 4597 4598 4599 4600 4601 4602 4603 4604 4605 4606 4607 4608 4609 4610 4611 4612 4613 4614 4615 4616 4617 4618 4619 4620 4621 4622 4623 4624 4625 4626 4627 4628 4629 4630 4631 4632 4633
        4634 4635 4636 4637 4638 4639 4640 4641 4642 4643 4644 4645 4646 4647 4648 4649 4650 4651 4652 4653 4654 4655 4656 4657 4658 4659 4660 4661 4662 4663 4664 4665 4666 4667 4668 4669 4670 4671 4672 4673 4674 4675 4676 4677 4678 4679 4680 4681 4682 4683 4684 4685 4686 4687 4688 4689 4690 4691 4692 4693 4694 4695 4696 4697 4698 4699 4700 4701 4702 4703 4704 4705 4706 4707 4708 4709 4710 4711 4712 4713 4714 4715 4716
        4717 4718 4719 4720 4721 4722 4723 4724 4725 4726 4727 4728 4729 4730 4731 4732 4733 4734 4735 4736 4737 4738 4739 4740 4741 4742 4743 4744 4745 4746 4747
        4801 4802 4803 4804
        13 14 15 16 17 18 19 20 21 22 23 24 25 26 
        5038 5036 5037 5035 5034 5027
        5062 5063 5064 5065 5066 5040
	}
}

natives_ogre_icon = {
	graphical_culture = westerngfx
	color = { 58 251 55 }
	icon = 5
	
	unit = human_inf_a_1
	
	provinces = {
		#---------------------
        # Outland
        #---------------------
        5921 5919 5920
        5922 5926 5927
        5923 5924 5925
        1586 5918 2028 5928 1587
        1593 5931 5932 5933 5930 5934
        3955 5929 3957
        1599 5943 4416
        1602 4419 4424 4425
        2030 2031 2032
        3958 1594 5935 5937
        1589 5907 5906 5905 2033
        1591 4407 4413 4418 4422 4423
        1590 4408 4410 5912 5911
        1652 5961 5903
        4420 4421 5938
        1595 5939 5940 4426
        1598 5936 2035 5941 4414
        1597 5942 2034 4415 4417
        1596 5944 5904
        2029 1588 4409 5909
        5910 3956 5908 5962 3959
        1592 5913 5914 5915
        4412 4411 5917 5916
        1681 5747 5750 3699
        5752 1680 5746
        5748 1682 2053 5749
        1683 1684 3705 5751
        1685 1686 3698 5743 5742
        1689 3700 5744
        5745 3701 1688
        1687 3702 5739 5740 5738
        1693 3704 5737 5741
        5736 5730 1694
        1697 1696 3703 5728 5727
        2101 1695 5729 
        1690 2055 1692 5734 
        2054 1698 3706 5735
        5732 5733 1691
        5731 5725 1699 5726
        1637 1634 5865 5866 5864
        1632 5855 5860 2050
        1627 5838 1628
        1626 5843 5845
        5827 5826 5828 
        2051 5830 5829 2052 5834
        5831 5832 1630 5833
        1633 5862 5863 5861
        1631 1638 5858 5859 
        5857 5856 1636
        5852 5853 5960 5959
        1625 5850 5854 5851
        5846 5848 5849
        5958 1624 5847 1622 1623
        1621 5842 5840 5844 5957 1635
        1629 5837 5836 5835 5839
        5754 5963 5753 5755 1603
        1608 5757 1619 1604 5781
        1605 1606 2049 1607 
        5782 5784 5783
        5775 5778 2062 5777
        1610 5774 5776 5773
        1609 5779 5780
        3696 5756 3697
        1613 1614 5766 5764 5955
        1612 5771 5770 
        5767 5768 5841 5956
        5769 1620 2063
        1615 5762 5765 5954
        2066 1616 5761 5760 5953
        2065 5763 2064 5772
        1611 1617 5759 5758
        1671 5900 5898 5899 4807
        5895 4805 5893
        4806 5896 5897 5892
        1661 5868 1675 1674
        5867 1662 5869 
        1663 1676 5875 5872 
        1664 5874 5873 5876
        5870 5871 1667 5890 1679
        1668 5888 5889 5894 5887
        1669 1677 5884 1678
        1665 1666 5877 5878
        1673 5891 5901 5902
        5879 5880 5881 
        1672 2036 5882 5883
        5886 1670 2037 5885
        1641 5791 5793 5792 5789 
        5794 1642 5795 5821 
        1643 5787 5790 5788
        5799 2041 5803 
        5786 2048 5785
        5801 1654 1645 5804
        1644 5802 5800
        1647 5797 5798 5796 1646
        2038 5822 5825 2039
        2040 5824 5823 1651
        2042 2044 5806 5805
        2047 1648 5807 5816
        2043 5817 1658 
        2045 5809 5808 5811
        1657 1655 5813 5810
        1649 4797 4798 4799 4800
        2046 1650 5815 5814 5812
        5820 5819 5818 1656
        1702 1701 5724
        5947 5721 5722 5723
        2056 5714 5715 1703
        5719 5717 5716
        1704 5720 5718 5948
        1705 5952 5701 5700 5702
        1712 5693 2061 5694 1713
        2060 5691 5951 5692 5690
        5699 5689 1714 5688
        1707 1708 5945
        5946 5712 5711 1706
        1710 5704 5706 5707 2057
        5949 5703 5705 5950
        2058 5708 1709 5710 5709
        1711 5695 5696 5697 5698
        5683 1716 5713 5684
        5687 5685 1715 2059 5686
        1717 4794 4795 4796
	}
}
natives_pandaren_icon = {
	graphical_culture = westerngfx
	color = { 184 85 226 }
	icon = 6
	
	unit = human_inf_a_1
	
	provinces = {
		#---------------------
        # Pandaria
        #---------------------
        1435 1437 1466 1718 1719 1720 1721 1722 1723 1724 1725 1726 1727 1728 1729 1730 1731 1732 1733 1734 1735 1736 1737 1738 1739 1740 1773 1774 1775 1776 1777 1778 1779 1780 1781 1782 1783 1784 1785 1786 1787 1788 1789 1790 1791 1792 1793 1794 1795 1796 1797 1798 1799 1800 1801 1802 1803 1804 1805 1806 1807 1808 1809 1810 1811 1812 1813 1814 1815 1816 1817 1818 1819 1820 1821 1822 1823 1824 1828 1829 1832 1833 1834 1835 1836 1837 1838 1839 1840 1841 1842 1843 1845 1846 1847 1848 1849 1850 1851 1852 1853 1854 1855 1856 1857 1858 1859 1860 1861 1862 1863 1864 1865 1866 1867 1868 1869 1870 1871 1872 1873 1874 1876 1877 1878 1879 1880 1881 1882 1883 1884 1885 1886 1887 1888 1889 1890 1891 1892 1893 1894 1895 1896 1897 1898 1899 1900 1901 1902 1903 1904 1905 1906 1907 1908 1909 1910 1911 1912 1913 1914 1915 1917 1918 1919 1920 2067 2068 2069 2070 2071 2072 2073 2074 2075 2076 2077 2078 2079 2080 3210 3211 3212 3213 3214 348 405 840 1206 1417 4121 4119 4120 4123 4122 4124 4126 4129 4127 4128 4125 4155 4427 4428 4429 4430 4431 4432 4433 4434 4435 4436 4437 4438 4439 4440 4441 4442 4443 4444 4445 4446 4447 4448
        2607 2608 2609 2610 
        4943 4944 4945 4946 4947 4948 4949 4950 4951 4952 4953 4954 4955 4956 4957 4958
	}
}
