node_maw={
	location=4815
	color={
		37 20 61 
	}
	outgoing={
		name="node_oribos"
		path={
			4809 4814 4808 
		}
		control={
			5180.000000 491.000000 
		}
	}
	members={
		4815 4816 4817 4818 4819 4820 4821 4822 4823 4824 4825 4826 4827 4828 4829 
	}
}
node_maldraxxus={
	location=4831
	color={
		61 99 72 
	}
	outgoing={
		name="node_oribos"
		path={
			4840 4842 4810 4808 
		}
		control={
			5312.000000 383.000000 
		}
	}
	members={
		4830 4831 4832 4833 4834 4835 4836 4837 4838 4839 4840 4841 4842 
	}
}
node_bastion={
	location=4843
	color={
		214 211 148 
	}
	outgoing={
		name="node_oribos"
		path={
			4854 4850 4811 4808 
		}
		control={
			5387.000000 296.000000 
		}
	}
	members={
		4843 4844 4845 4846 4847 4848 4849 4850 4851 4852 4853 4854 4855 4856 
	}
}
node_ardenweald={
	location=4860
	color={
		61 109 145 
	}
	outgoing={
		name="node_oribos"
		path={
			4866 4812 4808 
		}
		control={
			5270.000000 225.000000 
		}
	}
	members={
		4857 4858 4859 4860 4861 4862 4863 4864 4865 4866 4867 4868 
	}
}
node_revendreth={
	location=4869
	color={
		145 74 71 
	}
	outgoing={
		name="node_oribos"
		path={
			4881 4876 4886 4882 4812 4808 
		}
		control={
			5149.000000 316.000000 
		}
	}
	members={
		4869 4870 4871 4872 4873 4874 4875 4876 4877 4878 4879 4880 4881 4882 4883 4884 4885 4886 
	}
}
node_oribos={
	location=4808
	color={
		53 72 148 
	}
	members={
		4808 4809 4810 4811 4812 4813 4814 
	}
	end=yes
}
node_argus={
	location=2768
	color={
		87 245 66 
	}
	members={
		2764 2765 2766 2767 2768 2769 2770 2771 2772 2773 2774 2775 2776 2777 2778 2779 2780 2781 2782 2783 2784 2785 2786 2787 2788 2789 2790 2791 2792 2793 2794 2795 2796 2797 2798 2799 
	}
}
node_firelands={
	location=2571
	color={
		153 12 12 
	}
	members={
		2571 2572 2576 2578 2579 2580 2581 2583 2584 2585 2589 2590 2591 2592 2593 2594 2595 2596 2597 2598 2599 2600 2601 2602 2603 2604 2605 2606 
	}
}
node_abyssal_maw={
	location=2544
	color={
		33 98 148 
	}
	members={
		2544 2545 2546 2547 2548 2549 2550 2551 2552 2553 2554 2555 2556 2557 2558 2559 2560 2561 2562 2563 2564 2565 2566 2567 2568 2569 2570 2543 
	}
}
node_deepholm={
	location=2532
	color={
		69 63 48 
	}
	members={
		3160 2532 2533 2534 2535 2536 2537 2538 2539 2540 2541 2542 3157 3158 3159 2700 
	}
}
node_skywall={
	location=2522
	color={
		113 150 11 
	}
	members={
		2522 2523 2524 2525 2526 2527 2528 2529 2530 2531 1560 1561 
	}
}
node_spires_of_arak={
	location=3819
	color={
		138 32 58 
	}
	outgoing={
		name="node_talador"
		path={
			5466 5458 3817 5654 5434 5428 3769 5422 5421 3765 
		}
		control={
			5211.000000 1612.000000 
		}
	}
	outgoing={
		name="node_shadowmoon_valley_draenor"
		path={
			5460 5461 5486 5483 5484 3810 5489 3801 5510 5509 3807 5505 3806 
		}
		control={
			5334.000000 1561.000000 
		}
	}
	members={
		3817 3816 5457 5456 5458 3819 5462 5463 5461 5460 5459 3815 5464 5466 5465 5467 3818 5468 5469 3824 5473 5474 3821 5475 3823 5478 5476 5477 5472 3820 5486 3794 3814 5470 5471 5485 3822 5480 5479 5483 3813 5487 
	}
}
node_frostfire_ridge={
	location=3863
	color={
		3 198 252 
	}
	outgoing={
		name="node_nagrand_draenor"
		path={
			5628 3865 3860 3869 3763 5404 3762 5393 3755 
		}
		control={
			5091.000000 1760.000000 
		}
	}
	outgoing={
		name="node_gorgrond"
		path={
			5629 5617 5674 5614 5613 5612 3885 5597 5596 5595 3836 
		}
		control={
			5104.000000 1934.000000 5240.000000 1904.000000 
		}
	}
	members={
		3863 5630 5629 5628 5627 3867 5623 5624 5625 3859 5608 5607 5605 3862 5617 5615 5616 3861 5620 3856 5606 5603 3857 5604 3852 5600 5601 3827 3854 5611 5614 3860 5621 5622 3868 5626 3865 5631 5632 3864 5618 5619 3866 3853 5612 5613 5610 3858 5609 5602 3855 
	}
}
node_nagrand_draenor={
	location=3755
	color={
		122 94 54 
	}
	outgoing={
		name="node_talador"
		path={
			5395 5399 3764 5418 3765 
		}
		control={
			5143.000000 1664.000000 
		}
	}
	members={
		5384 5385 3748 5381 3749 5383 5382 5386 3750 5416 5414 5415 3752 5387 5389 3751 3757 5388 5405 3753 5390 5391 3756 5393 5400 5411 3760 5409 5408 5407 5406 3755 5394 5395 3766 5399 5398 3952 5392 3754 5397 5396 3758 5413 5412 5410 3759 3763 5404 5403 3762 3761 5402 5401 3764 
	}
}
node_ashran={
	location=3802
	color={
		92 46 117 
	}
	outgoing={
		name="node_tanaan_jungle"
		path={
			3887 3792 5538 3791 3790 5552 3785 
		}
		control={
			5440.000000 1795.000000 
		}
	}
	outgoing={
		name="node_shadowmoon_valley_draenor"
		path={
			3887 3889 5504 3806 
		}
		control={
			5508.000000 1633.000000 
		}
	}
	outgoing={
		name="node_farahlon"
		path={
			3887 3877 5642 3846 
		}
		control={
			5530.000000 1842.000000 
		}
	}
	members={
		3802 5531 5533 5535 5536 5537 5534 5532 
	}
}
node_farahlon={
	location=3846
	color={
		58 117 28 
	}
	outgoing={
		name="node_tanaan_jungle"
		path={
			5642 3877 3892 5544 5546 5542 5551 3785 
		}
		control={
			5369.000000 1809.000000 
		}
	}
	outgoing={
		name="node_gorgrond"
		path={
			5633 3876 5584 5585 5587 3836 
		}
		control={
			5378.000000 1922.000000 5331.000000 1907.000000 
		}
	}
	members={
		3846 5642 5644 5638 3848 5639 5647 5646 5645 3845 5633 5634 5635 3850 5640 5643 5641 3849 5636 5637 3847 
	}
}
node_gorgrond={
	location=3836
	color={
		198 188 21 
	}
	outgoing={
		name="node_talador"
		path={
			5595 5596 5597 3832 5670 5573 5669 5603 3869 5418 3765 
		}
		control={
			5276.000000 1804.000000 5248.000000 1732.000000 
		}
	}
	members={
		3836 5595 5596 5594 3843 5593 5590 3841 3840 5587 3838 5585 5586 5584 5583 3842 5589 5588 3830 5578 5580 5570 5581 3837 5582 3839 5579 3835 3834 5577 3833 3832 5597 3831 5573 5576 5575 3828 3829 5569 5599 5598 5568 3825 3826 5571 5572 5574 5591 5592 3844 
	}
}
node_shadowmoon_valley_draenor={
	location=3806
	color={
		92 15 125 
	}
	outgoing={
		name="node_talador"
		path={
			5505 5507 5519 3799 3893 3777 5446 5449 3772 3803 5423 5424 5420 3765 
		}
		control={
			5322.000000 1640.000000 
		}
	}
	members={
		3796 3795 5529 5528 3798 5525 5526 5527 5513 3851 3800 5516 5515 5510 5509 3799 5517 5518 5519 5520 3797 5524 5522 5523 5521 5514 3806 5504 5505 5503 5506 5507 5508 3807 5501 5502 3808 3809 5500 5495 5493 5494 5496 3810 5489 5490 5488 5484 3811 5492 5491 3812 5497 5498 5499 5512 5511 3801 
	}
}
node_talador={
	location=3765
	color={
		59 128 60 
	}
	outgoing={
		name="node_tanaan_jungle"
		path={
			5419 5424 5423 5450 3780 3782 5561 3785 
		}
		control={
			5253.000000 1713.000000 5298.000000 1741.000000 
		}
	}
	members={
		3781 3780 3779 5452 5450 5451 3765 5419 5418 5420 5421 5422 3771 5426 5425 5424 3770 5433 5434 5435 3767 3768 5437 5438 5439 5445 3773 5444 3772 5448 3803 5423 3787 5530 3793 5481 5482 5441 3778 5449 5447 5446 3777 3769 5428 5429 5427 5430 3774 5431 5440 5436 3776 5442 5443 3775 5455 5453 5454 
	}
}
node_tanaan_jungle={
	location=3785
	color={
		106 148 43 
	}
	outgoing={
		name="node_blasted_lands"
		path={
			5556 3784 5663 5662 3777 5661 3793 5656 5458 3815 5464 3882 328 1231 3086 3739 3723 2085 3718 291 295 297 298 2173 1042 553 1043 630 
		}
		control={
			5514.000000 1678.000000 5577.000000 1493.000000 5397.000000 1374.000000 4874.000000 1348.000000 4784.000000 1003.000000 4660.000000 663.000000 4573.000000 493.000000 
		}
	}
	members={
		3792 5539 5540 5541 5538 3791 5548 5547 3790 3789 3788 5549 5550 3785 5551 5552 5557 3805 5566 5567 5543 3784 5559 5560 3953 5563 5564 3954 5565 3786 5558 5553 5556 5545 5544 5546 5542 5561 3783 5555 5554 3782 5562 3804 
	}
}
node_shadowmoon={
	location=1671
	color={
		151 18 131 
	}
	outgoing={
		name="node_terokkar"
		path={
			3968 5799 1215 5784 5791 1641 
		}
		control={
			5386.000000 838.000000 5304.930176 878.950012 5270.000000 915.000000 
		}
	}
	members={
		1671 5900 5898 5899 4807 5895 4805 5893 4806 5896 5897 5892 1661 5868 1675 1674 5867 1662 5869 1663 1676 5875 5872 1664 5874 5873 5876 5870 5871 1667 5890 1679 1668 5888 5889 5894 5887 1669 1677 5884 1678 1665 1666 5877 5878 1673 5891 5901 5902 5879 5880 5881 1672 2036 5882 5883 5886 1670 2037 5885 
	}
}
node_nagrand={
	location=1627
	color={
		35 184 36 
	}
	outgoing={
		name="node_zangermarsh"
		path={
			5837 5836 5831 5832 2052 5827 5783 1607 5781 1608 
		}
		control={
			4971.000000 965.000000 4990.000000 986.000000 5052.000000 1014.000000 
		}
	}
	outgoing={
		name="node_terokkar"
		path={
			5837 1628 5858 5834 5829 5828 1213 5793 1641 
		}
		control={
			5101.000000 909.000000 5152.000000 947.000000 5170.000000 949.000000 
		}
	}
	members={
		1637 1634 5865 5866 5864 1632 5855 5860 2050 1627 5838 1628 1626 5843 5845 5827 5826 5828 2051 5830 5829 2052 5834 5831 5832 1630 5833 1633 5862 5863 5861 1631 1638 5858 5859 5857 5856 1636 5852 5853 5960 5959 1625 5850 5854 5851 5846 5848 5849 5958 1624 5847 1622 1623 1621 5842 5840 5844 5957 1635 1629 5837 5836 5835 5839 
	}
}
node_blades_edge={
	location=1685
	color={
		198 188 21 
	}
	outgoing={
		name="node_netherstorm"
		path={
			1230 1699 1704 5718 5949 5697 1711 
		}
		control={
			5143.000000 1188.000000 5211.000000 1217.000000 5254.000000 1245.000000 
		}
	}
	outgoing={
		name="node_zangermarsh"
		path={
			5743 1686 3701 1688 3696 5757 1608 
		}
		control={
			5113.000000 1146.000000 5117.089844 1084.949951 
		}
	}
	members={
		1681 5747 5750 3699 5752 1680 5746 5748 1682 2053 5749 1683 1684 3705 5751 1685 1686 3698 5743 5742 1689 3700 5744 5745 3701 1688 1687 3702 5739 5740 5738 1693 3704 5737 5741 5736 5730 1694 1697 1696 3703 5728 5727 2101 1695 5729 1690 2055 1692 5734 2054 1698 3706 5735 5732 5733 1691 5731 5725 1699 5726 
	}
}
node_zangermarsh={
	location=1608
	color={
		35 132 184 
	}
	outgoing={
		name="node_terokkar"
		path={
			5781 1606 2049 5783 1213 5793 1641 
		}
		control={
			5197.000000 966.000000 
		}
	}
	outgoing={
		name="node_hellfire_peninsula"
		path={
			1604 1216 4418 1591 
		}
		control={
			5212.000000 1025.000000 
		}
	}
	members={
		5754 5963 5753 5755 1603 1608 5757 1619 1604 5781 1605 1606 2049 1607 5782 5784 5783 5775 5778 2062 5777 1610 5774 5776 5773 1609 5779 5780 3696 5756 3697 1613 1614 5766 5764 5955 1612 5771 5770 5767 5768 5841 5956 5769 1620 2063 1615 5762 5765 5954 2066 1616 5761 5760 5953 2065 5763 2064 5772 1611 1617 5759 5758 
	}
}
node_terokkar={
	location=1641
	color={
		194 223 159 
	}
	outgoing={
		name="node_hellfire_peninsula"
		path={
			5792 1642 5787 1215 5938 4424 4422 1591 
		}
		control={
			5265.000000 925.000000 5300.669922 929.200012 5332.000000 953.000000 
		}
	}
	members={
		1641 5791 5793 5792 5789 5794 1642 5795 5821 1643 5787 5790 5788 5799 2041 5803 5786 2048 5785 5801 1654 1645 5804 1644 5802 5800 1647 5797 5798 5796 1646 2038 5822 5825 2039 2040 5824 5823 1651 2042 2044 5806 5805 2047 1648 5807 5816 2043 5817 1658 2045 5809 5808 5811 1657 1655 5813 5810 1649 4797 4798 4799 4800 2046 1650 5815 5814 5812 5820 5819 5818 1656 
	}
}
node_netherstorm={
	location=1711
	color={
		129 35 184 
	}
	outgoing={
		name="node_hellfire_peninsula"
		path={
			5697 3968 5905 1590 1591 
		}
		control={
			5359.000000 1116.000000 
		}
	}
	members={
		1702 1701 5724 5947 5721 5722 5723 2056 5714 5715 1703 5719 5717 5716 1704 5720 5718 5948 1705 5952 5701 5700 5702 1712 5693 2061 5694 1713 2060 5691 5951 5692 5690 5699 5689 1714 5688 1707 1708 5945 5946 5712 5711 1706 1710 5704 5706 5707 2057 5949 5703 5705 5950 2058 5708 1709 5710 5709 1711 5695 5696 5697 5698 5683 1716 5713 5684 5687 5685 1715 2059 5686 1717 4794 4795 4796 
	}
}
node_hellfire_peninsula={
	location=1591
	color={
		198 67 21 
	}
	outgoing={
		name="node_blasted_lands"
		path={
			4407 4420 5903 3968 1231 3086 3739 3723 2085 3718 291 295 297 298 2173 1042 553 1043 630 
		}
		control={
			5504.000000 1021.000000 5600.000000 908.000000 5579.000000 653.000000 4763.000000 698.000000 4623.000000 484.000000 4541.000000 464.000000 
		}
	}
	members={
		5921 5919 5920 5922 5926 5927 5923 5924 5925 1586 5918 2028 5928 1587 1593 5931 5932 5933 5930 5934 3955 5929 3957 1599 5943 4416 1602 4419 4424 4425 2030 2031 2032 3958 1594 5935 5937 1589 5907 5906 5905 2033 1591 4407 4413 4418 4422 4423 1590 4408 4410 5912 5911 1652 5961 5903 4420 4421 5938 1595 5939 5940 4426 1598 5936 2035 5941 4414 1597 5942 2034 4415 4417 1596 5944 5904 2029 1588 4409 5909 5910 3956 5908 5962 3959 1592 5913 5914 5915 4412 4411 5917 5916 
	}
}
node_hallowfall={
	location=6110
	color={
		143 96 34 
	}
	outgoing={
		name="node_ringing_deeps"
		path={
			6107 5978 6073 6071 6066 6062 6060 
		}
		control={
			240.000000 364.000000 327.000000 421.000000 365.000000 420.000000 
		}
	}
	outgoing={
		name="node_azj_kahet"
		path={
			6109 6115 5971 6160 
		}
		control={
			155.000000 305.000000 262.089996 155.710007 
		}
	}
	members={
		6073 6071 6072 6098 6097 6100 6101 6102 6099 6103 6106 6104 6105 6110 6109 6108 6114 6112 6113 6111 6107 6115 6116 6090 6091 6092 6093 6096 6094 6095 6077 6076 6074 6079 6078 6080 6081 6086 6084 6085 6075 6082 6083 6087 6088 6089 
	}
}
node_azj_kahet={
	location=6160
	color={
		100 42 122 
	}
	outgoing={
		name="node_ringing_deeps"
		path={
			6159 6158 6142 6124 6139 6137 6132 6133 5973 6063 6060 
		}
		control={
			318.000000 230.000000 367.000000 290.000000 438.000000 314.000000 427.000000 358.000000 
		}
	}
	members={
		6117 6118 6119 6121 6120 6122 6123 6137 6139 6138 6142 6141 6140 6149 6143 6144 6125 6126 6124 6129 6128 6127 6135 6134 6131 6133 6130 6132 6151 6136 6150 6147 6148 6145 6146 6157 6158 6152 6155 6153 6154 6159 6156 6160 6162 6161 
	}
}
node_ringing_deeps={
	location=6060
	color={
		145 141 84 
	}
	outgoing={
		name="node_isle_of_dorn"
		path={
			5975 6059 5972 6035 6003 6002 5993 5985 
		}
		control={
			868.000000 147.000000 1484.000000 32.000000 1888.000000 128.000000 2055.000000 240.000000 
		}
	}
	members={
		6060 6061 6062 6066 6070 6067 6068 6069 6063 6065 6064 6058 6057 6059 6054 6056 6055 6048 6049 6050 6053 6052 6051 6042 6043 6041 6035 6036 6037 6038 6039 6040 6046 6047 6044 6045 
	}
}
node_isle_of_dorn={
	location=5985
	color={
		81 115 56 
	}
	outgoing={
		name="node_tanaris"
		path={
			5990 6168 6169 6178 6177 118 1551 4553 2327 4537 1543 
		}
		control={
			2031.000000 299.000000 
		}
	}
	outgoing={
		name="node_south_seas"
		path={
			5987 6027 6026 145 3724 380 4081 4083 4086 
		}
		control={
			2169.000000 390.000000 
		}
	}
	outgoing={
		name="node_townlong_steppes"
		path={
			5987 6021 6019 6163 63 64 4033 1871 1867 
		}
		control={
			2397.000000 272.000000 
		}
	}
	members={
		5985 5986 5987 5988 5989 5991 5990 5992 5996 5995 5999 5997 6000 5998 6004 6002 6005 6001 6003 5994 5993 6007 6006 6009 6008 6013 6010 6011 6012 6014 6015 6016 6019 6018 6017 6022 6023 6024 6020 6021 6027 6026 6032 6028 6025 6029 6030 6031 6033 6034 6179 6180 
	}
}
node_westfall={
	location=716
	color={
		25 144 159 
	}
	outgoing={
		name="node_elwynn"
		path={
			751 922 1060 2202 
		}
		control={
			4243.000000 576.000000 
		}
	}
	outgoing={
		name="node_duskwood"
		path={
			771 357 637 2153 698 1057 1021 
		}
		control={
			4316.000000 484.000000 
		}
	}
	members={
		716 771 736 751 2000 870 904 922 596 784 612 815 2154 837 627 1999 799 2169 
	}
}
node_northron={
	location=787
	color={
		230 142 193 
	}
	outgoing={
		name="node_wetlands"
		path={
			1762 1025 536 554 1766 1152 622 499 1767 1055 
		}
		control={
			4473.000000 882.000000 4393.000000 929.000000 
		}
	}
	outgoing={
		name="node_loch_modan"
		path={
			878 359 1752 3029 1048 3031 655 
		}
		control={
			4499.000000 866.000000 
		}
	}
	members={
		1061 1025 1762 878 803 841 787 1016 1760 1761 888 873 925 856 1755 802 1753 1754 739 755 1756 1757 2164 610 701 613 632 597 614 581 542 1758 1759 710 561 730 631 744 
	}
}
node_zulaman={
	location=2984
	color={
		34 165 47 
	}
	outgoing={
		name="node_tranquillien"
		path={
			2209 2213 2212 822 6248 6245 808 6243 2517 
		}
		control={
			4589.000000 1404.000000 
		}
	}
	outgoing={
		name="node_stratholme"
		path={
			2214 806 2212 822 6248 791 6244 776 1921 723 6281 2027 6276 4752 4749 4750 
		}
		control={
			4566.000000 1363.000000 
		}
	}
	members={
		2209 2211 2511 2512 2213 2212 2475 2476 2477 2474 2473 2208 2215 2510 2214 2984 806 6200 6259 6260 6261 6262 6263 6264 6265 6266 6267 6268 6269 6270 6271 6272 
	}
}
node_hinterlands={
	location=889
	color={
		90 53 187 
	}
	outgoing={
		name="node_stratholme"
		path={
			1170 2969 513 2970 6316 2124 1195 4750 
		}
		control={
			4449.000000 1191.000000 
		}
	}
	outgoing={
		name="node_arathi"
		path={
			1930 527 966 3003 
		}
		control={
			4377.000000 1124.000000 4380.000000 1085.000000 
		}
	}
	members={
		889 644 1930 926 942 2997 2998 958 975 1009 1125 1938 537 2999 517 1772 1771 1875 1026 1916 763 990 1831 1827 1830 1825 
	}
}
node_blasted_lands={
	location=630
	color={
		137 135 103 
	}
	outgoing={
		name="node_stranglethorn"
		path={
			1050 952 3078 3077 924 1478 902 868 693 996 
		}
		control={
			4444.000000 444.000000 4361.000000 434.000000 4282.000000 388.000000 
		}
	}
	outgoing={
		name="node_swamp_of_sorrows"
		path={
			884 707 
		}
		control={
			4456.000000 497.000000 
		}
	}
	members={
		1034 630 1050 1035 1045 807 1033 853 836 2171 1504 814 869 1037 2173 1043 553 1042 2174 
	}
}
node_swamp_of_sorrows={
	location=707
	color={
		80 142 57 
	}
	outgoing={
		name="node_redridge"
		path={
			2181 864 972 2194 737 
		}
		control={
			4418.000000 551.000000 
		}
	}
	outgoing={
		name="node_deadwind_pass"
		path={
			952 953 
		}
		control={
			4403.000000 527.000000 
		}
	}
	members={
		707 2180 884 2181 864 725 2191 2155 2156 994 1505 638 885 1995 2158 2188 2189 1506 547 949 2186 2159 2157 2183 2160 2184 594 879 2185 
	}
}
node_deadwind_pass={
	location=953
	color={
		48 79 49 
	}
	inland=yes
	outgoing={
		name="node_duskwood"
		path={
			955 1021 
		}
		control={
			4387.000000 527.000000 4359.000000 523.000000 
		}
	}
	members={
		2176 938 2182 2162 953 921 2161 
	}
}
node_duskwood={
	location=1021
	color={
		39 93 60 
	}
	inland=yes
	outgoing={
		name="node_elwynn"
		path={
			2177 2150 358 550 1058 1060 2202 
		}
		control={
			4334.000000 536.000000 4363.000000 554.000000 4274.000000 577.000000 
		}
	}
	members={
		1021 1004 2177 1057 985 970 586 2153 602 618 637 2152 682 653 2151 2150 903 2178 698 
	}
}
node_townlong_steppes={
	location=1867
	color={
		203 32 48 
	}
	outgoing={
		name="node_dread_wastes"
		path={
			1870 1865 4950 1842 1839 
		}
		control={
			2673.000000 245.000000 
		}
	}
	outgoing={
		name="node_vale_of_eternal_blossoms"
		path={
			1870 1865 1864 1859 1819 831 1808 1807 
		}
		control={
			2784.000000 283.000000 
		}
	}
	outgoing={
		name="node_kunlai"
		path={
			1870 4946 1876 4947 818 1906 1900 1917 1901 
		}
		control={
			2819.000000 325.000000 2867.000000 349.000000 
		}
	}
	members={
		1864 1859 1872 1873 1860 1874 1863 1878 1876 1866 1865 1870 1828 1862 1877 1861 1867 1880 1881 1871 1868 1879 1869 1884 1885 1886 1887 1883 1882 1888 1891 1889 1890 4444 4445 4446 4447 4448 4943 4944 4945 4946 4947 4948 4949 4950 4951 4952 4953 
	}
}
node_vale_of_eternal_blossoms={
	location=1807
	color={
		203 183 32 
	}
	inland=yes
	outgoing={
		name="node_dread_wastes"
		path={
			1809 1824 1821 1823 1819 1832 1858 1856 1842 1839 
		}
		control={
			2819.000000 254.000000 
		}
	}
	outgoing={
		name="node_kunlai"
		path={
			823 1897 1908 1918 1899 1913 1901 
		}
		control={
			2866.000000 303.000000 2885.000000 349.000000 
		}
	}
	members={
		1807 1820 1808 1809 1822 1810 1812 1813 1821 1824 1811 1818 1817 1816 1815 1819 1823 1814 
	}
}
node_dread_wastes={
	location=1839
	color={
		74 27 192 
	}
	outgoing={
		name="node_valley_of_the_four_winds"
		path={
			1852 1840 1833 1435 831 1798 1796 
		}
		control={
			2814.000000 182.000000 
		}
	}
	outgoing={
		name="node_krasarang_wilds"
		path={
			1847 1835 1834 1437 840 1782 1909 1779 
		}
		control={
			2789.000000 145.000000 
		}
	}
	members={
		1838 1855 1837 1834 1835 1845 1836 1846 1849 1848 1853 1839 1854 1852 1847 1856 1829 1850 1851 1435 1437 1840 1833 1832 1858 1842 1841 1857 1843 
	}
}
node_krasarang_wilds={
	location=1779
	color={
		187 202 114 
	}
	outgoing={
		name="node_valley_of_the_four_winds"
		path={
			1784 1777 1786 1794 1796 
		}
		control={
			2897.000000 128.000000 
		}
	}
	outgoing={
		name="node_jade_forest"
		path={
			441 1788 443 2071 4430 1740 1722 
		}
		control={
			2983.000000 167.000000 
		}
	}
	outgoing={
		name="node_plunder_isle"
		path={
			441 3718 4047 4138 
		}
		control={
			3189.000000 46.000000 
		}
	}
	members={
		1788 1773 1774 1775 1776 1777 1784 1778 1780 1781 1779 1787 1782 1783 1789 348 405 840 1206 1417 1909 4957 
	}
}
node_plunder_isle={
	location=4138
	color={
		64 157 226 
	}
	outgoing={
		name="node_kul_tiras"
		path={
			4137 38 4759 27 4050 30 3717 3995 260 6445 6426 570 
		}
		control={
			3849.000000 382.000000 
		}
	}
	outgoing={
		name="node_stranglethorn"
		path={
			39 40 46 4048 269 290 996 
		}
		control={
			4003.000000 249.000000 
		}
	}
	members={
		3207 2472 3208 4756 4782 4137 4763 3209 4134 4764 4135 4757 4758 4136 4759 4781 4140 4138 4760 4765 4139 4761 4762 4131 4130 4783 4784 4785 4133 4132 4778 4779 4780 27 28 29 33 36 37 38 39 40 44 45 46 57 62 74 75 78 84 96 97 98 99 100 101 102 103 104 105 106 108 109 112 113 114 119 120 121 123 125 126 127 129 130 131 132 133 134 135 136 137 139 141 143 144 149 150 152 153 154 155 156 157 158 159 167 174 176 177 178 183 
	}
}
node_stranglethorn={
	location=996
	color={
		120 202 114 
	}
	outgoing={
		name="node_zandalar"
		path={
			290 153 272 4049 27 4051 4219 430 2616 1133 2744 2745 2746 2748 2469 
		}
		control={
			4163.000000 378.000000 4063.000000 589.000000 3588.000000 493.000000 
		}
	}
	members={
		715 750 735 636 652 681 697 565 601 585 1997 1996 783 3077 3078 3079 3080 548 1056 531 511 969 1003 1020 984 937 920 883 852 2166 996 2167 868 693 997 2165 902 1478 1480 1502 1500 215 4934 4935 4936 4937 4939 4940 4941 4942 4938 
	}
}
node_valley_of_the_four_winds={
	location=1796
	color={
		242 234 156 
	}
	inland=yes
	outgoing={
		name="node_jade_forest"
		path={
			1805 1799 1466 1721 4430 1740 1722 
		}
		control={
			2987.000000 225.000000 
		}
	}
	members={
		1799 1805 1797 1798 1794 1804 1793 1796 1803 1795 1792 1791 1790 1786 1785 1466 
	}
}
node_jade_forest={
	location=1722
	color={
		122 164 65 
	}
	outgoing={
		name="node_kunlai"
		path={
			4436 4433 2076 910 2077 10 1912 1899 1913 1901 
		}
		control={
			3000.260010 324.839996 
		}
	}
	members={
		1800 1801 1802 1806 1735 1734 1736 1727 1737 1720 2068 2067 2070 2071 1721 1718 1738 1719 2069 1739 1740 1722 1723 2072 2079 2073 1724 1733 2077 1726 1725 2076 2074 1729 2075 1732 1728 1730 2080 2078 1731 4124 4126 4129 4127 4128 4125 4427 4428 4429 4430 4431 4432 4433 4434 4435 4436 4437 4438 4439 4440 4441 4442 4443 4954 4955 4956 
	}
}
node_kunlai={
	location=1901
	color={
		63 194 202 
	}
	outgoing={
		name="node_zandalar"
		path={
			2083 81 4010 2471 2611 2758 2757 2469 
		}
		control={
			3078.000000 512.000000 3238.000000 521.000000 
		}
	}
	members={
		1903 1892 3210 3211 3212 1905 1904 1915 1902 3213 1901 1914 1917 3214 1894 1893 1900 1906 1907 1896 1895 1919 1910 1898 1911 1897 1908 1912 1913 1899 1918 1920 4119 4120 4121 4122 4123 4155 2607 2608 2609 2610 
	}
}
node_broken_shore={
	location=2668
	color={
		94 65 38 
	}
	outgoing={
		name="node_suramar"
		path={
			4251 4252 3990 3183 
		}
		control={
			3389.000000 1085.000000 
		}
	}
	outgoing={
		name="node_drustvar"
		path={
			3992 41 4005 281 5093 
		}
		control={
			3539.000000 944.000000 
		}
	}
	members={
		4249 4251 2668 4257 4250 4256 4252 4253 4254 4255 2667 4258 4259 
	}
}
node_valsharah={
	location=2651
	color={
		76 168 50 
	}
	outgoing={
		name="node_highmountain"
		path={
			3181 2641 2642 
		}
		control={
			3327.000000 1255.000000 
		}
	}
	outgoing={
		name="node_suramar"
		path={
			3181 2652 2673 2674 4233 4237 3183 
		}
		control={
			3345.000000 1197.000000 
		}
	}
	outgoing={
		name="node_azsuna"
		path={
			2650 2648 2663 2662 
		}
		control={
			3290.000000 1169.000000 
		}
	}
	members={
		2651 3180 2653 2654 2655 4265 2644 2645 2646 2649 2647 2648 2650 3181 2652 
	}
}
node_highmountain={
	location=2642
	color={
		181 175 147 
	}
	outgoing={
		name="node_suramar"
		path={
			2643 2671 4241 4239 4238 3183 
		}
		control={
			3375.000000 1223.000000 
		}
	}
	outgoing={
		name="node_stormheim"
		path={
			2643 2678 
		}
		control={
			3416.000000 1248.000000 
		}
	}
	members={
		2634 2637 3192 4264 2635 2638 3187 2636 4260 2639 3189 3190 3188 4262 2640 2641 2642 4261 4263 3191 2643 
	}
}
node_east_azure_span={
	location=2809
	color={
		56 87 168 
	}
	outgoing={
		name="node_south_thaldrasszus"
		path={
			2806 2822 2825 5176 5185 5186 5190 2820 5193 5353 5344 5343 5329 
		}
		control={
			3983.000000 1542.000000 
		}
	}
	outgoing={
		name="node_ohnahran_plains"
		path={
			2806 2822 5175 2823 2824 5203 2815 5201 5262 2852 5267 2861 5282 
		}
		control={
			3870.000000 1529.000000 
		}
	}
	outgoing={
		name="node_west_azure_span"
		path={
			5138 5139 5141 5142 2802 2922 2838 
		}
		control={
			3871.000000 1452.000000 
		}
	}
	members={
		2823 2825 2824 2826 2827 2821 2820 2829 2830 2828 2803 2805 2806 2822 2810 2807 2808 2809 5123 2811 2812 2815 2816 5124 5125 5126 5127 5128 5129 5130 5131 5132 5133 5134 5135 5136 5137 5138 5149 5172 5173 5174 5175 5176 5177 5178 5179 5180 5181 5182 5183 5184 5185 5186 5187 5188 5189 5190 5191 5192 5193 5194 5195 5196 5197 5198 5199 5200 5201 5202 5203 
	}
}
node_south_thaldrasszus={
	location=5329
	color={
		128 99 41 
	}
	outgoing={
		name="node_north_thaldrasszus"
		path={
			5342 5338 5339 5337 
		}
		control={
			4010.000000 1677.000000 3991.000000 1699.000000 3975.000000 1690.000000 
		}
	}
	members={
		2899 2904 2900 2902 2901 2818 2817 2819 5324 5325 5326 5327 5328 5329 5330 5331 5341 5342 5343 5344 5345 5346 5347 5348 5349 5350 5351 5352 5353 5354 5355 5356 5357 
	}
}
node_forbidden_reach={
	location=2915
	color={
		173 89 33 
	}
	outgoing={
		name="node_waking_shores"
		path={
			5364 5363 5359 2931 2930 5292 2866 5294 5295 
		}
		control={
			3912.000000 1864.000000 3858.000000 1787.000000 
		}
	}
	outgoing={
		name="node_north_thaldrasszus"
		path={
			2933 2936 2935 5335 5337 
		}
		control={
			4012.000000 1784.000000 
		}
	}
	members={
		2915 2916 2917 2918 2913 2914 2912 5358 5359 5360 5361 5362 5363 5364 5365 5366 5367 5368 5369 5370 5371 5372 5373 5374 5375 5376 5377 5378 5379 5380 
	}
}
node_waking_shores={
	location=5295
	color={
		41 35 31 
	}
	outgoing={
		name="node_ohnahran_plains"
		path={
			5294 5290 5289 5278 5281 5282 
		}
		control={
			3827.000000 1711.000000 
		}
	}
	members={
		2883 2882 2881 2884 2885 2880 2879 2877 2876 2874 2875 2872 2878 2886 2887 2888 2891 2889 2892 2894 2890 2871 2893 2869 2866 2867 2868 2855 2864 2865 2870 5208 5289 5290 5291 5292 5293 5294 5295 5296 5297 5298 5299 5300 5301 5302 5303 5304 5305 5306 5307 5308 5309 5310 5311 5312 
	}
}
node_icecrown={
	location=1268
	color={
		37 92 136 
	}
	inland=yes
	outgoing={
		name="node_sholazar_basin"
		path={
			3222 3220 3223 658 1265 1264 762 
		}
		control={
			2718.000000 1900.000000 2657.000000 1898.000000 2639.000000 1830.000000 
		}
	}
	outgoing={
		name="node_storm_peaks"
		path={
			3227 3225 2407 2133 2408 713 1272 1273 674 2383 2387 1280 
		}
		control={
			2871.000000 1880.000000 
		}
	}
	outgoing={
		name="node_crystalsong"
		path={
			3227 3225 2407 2133 2408 713 1272 2409 3284 3287 1271 
		}
		control={
			2866.000000 1792.000000 
		}
	}
	outgoing={
		name="node_dragonblight"
		path={
			3221 2407 2406 2405 3255 3242 3246 3241 
		}
		control={
			2857.000000 1728.000000 
		}
	}
	outgoing={
		name="node_wintergrasp"
		path={
			3222 3220 3223 834 
		}
		control={
			2757.000000 1773.000000 
		}
	}
	members={
		1268 1267 2368 2370 2367 1270 2373 2372 2375 523 726 2374 2371 3256 947 2369 3228 3229 761 2363 2364 2365 1225 1266 2361 2360 2362 846 2381 1269 2366 827 829 2378 911 1226 2494 930 895 777 3258 3261 2376 3257 3259 3260 830 2379 2377 628 901 2380 998 4097 4095 4096 4098 4100 4099 3220 3222 3226 3227 3221 3225 2407 3223 4786 4787 4788 4789 4790 4791 4792 4793 3264
	}
}
node_crystalsong={
	location=1271
	color={
		138 75 170 
	}
	inland=yes
	outgoing={
		name="node_zuldrak"
		path={
			893 674 1278 694 3322 689 3317 2438 2439 2441 
		}
		control={
			2984.000000 1809.000000 
		}
	}
	outgoing={
		name="node_dragonblight"
		path={
			3287 3284 2409 1272 713 733 3242 3246 3241 
		}
		control={
			2913.000000 1763.000000 
		}
	}
	members={
		1272 2409 893 3284 3286 3287 1273 3282 3283 1276 825 3288 3289 3290 3291 1271 706 3279 3280 3281 3285 
	}
}
node_storm_peaks={
	location=1280
	color={
		241 238 34 
	}
	outgoing={
		name="node_zuldrak"
		path={
			2395 541 689 3317 2438 2439 2441 
		}
		control={
			3081.000000 1882.000000 3086.000000 1848.000000 
		}
	}
	members={
		1278 645 1275 1280 2388 2387 1277 946 2386 2383 2382 522 2385 2389 576 2384 894 1279 2390 896 1291 1229 3343 728 2495 2497 2498 2499 2500 2496 2502 2501 2503 3230 1227 764 2391 2392 3263 3265 3266 1228 2393 2394 828 753 541 2395 2396 3262 
	}
}
node_zuldrak={
	location=2441
	color={
		47 88 117 
	}
	inland=yes
	outgoing={
		name="node_grizzly_hills"
		path={
			2439 700 811 2452 833 
		}
		control={
			3171.000000 1762.000000 
		}
	}
	members={
		1286 810 2441 2440 794 3310 3311 3312 3313 3314 832 1287 898 3315 3316 917 2438 2436 2439 3317 3318 1017 2442 933 2437 3319 3320 3321 2428 544 2435 2429 2434 3323 2431 2430 2427 2432 2433 1285 562 582 779 3322 1284 633 2421 649 2420 2422 2425 2423 2424 598 1274 664 615 2426 563 2417 
	}
}
node_sholazar_basin={
	location=762
	color={
		202 175 114 
	}
	inland=yes
	outgoing={
		name="node_borean_tundra"
		path={
			826 654 187 2120 510 2122 
		}
		control={
			2550.000000 1705.000000 
		}
	}
	members={
		766 2351 2349 2099 2115 2350 916 526 2359 692 939 2356 595 2355 1265 971 762 2358 1264 2354 2100 1263 2353 2352 2357 826 2097 578 1262 2098 
	}
}
node_wintergrasp={
	location=834
	color={
		124 179 182 
	}
	inland=yes
	outgoing={
		name="node_borean_tundra"
		path={
			862 2127 4793 3278 2117 3269 2342 900 2339 2348 2122 
		}
		control={
			2684.000000 1709.000000 
		}
	}
	outgoing={
		name="node_dragonblight"
		path={
			708 657 2408 733 3242 3246 3241 
		}
		control={
			2766.000000 1704.000000 
		}
	}
	members={
		1282 708 834 862 2129 2126 2128 2127 3231 3224 
	}
}
node_dragonblight={
	location=3241
	color={
		182 124 131 
	}
	outgoing={
		name="node_grizzly_hills"
		path={
			3246 3244 2404 2418 719 2416 287 934 2114 352 3294 833 
		}
		control={
			2966.000000 1748.000000 
		}
	}
	outgoing={
		name="node_borean_tundra"
		path={
			3247 3245 529 781 3249 995 4793 3278 2117 3269 2342 900 2339 2348 2122 
		}
		control={
			2703.520020 1654.040039 
		}
	}
	members={
		796 2399 995 2398 781 3248 3249 812 2130 1283 2397 1281 2492 3232 2400 2401 2131 748 2403 982 2402 3241 3242 3243 3244 3245 3246 3247 509 2493 3250 529 545 3251 3252 3253 935 3235 3236 3237 679 2404 2491 1018 733 2411 2410 713 2405 2408 3255 2406 2133 2132 2134 2413 1051 2418 634 2419 3234 3254 599 2416 2414 2490 583 2415 2412 4101 4102 4103 
	}
}
node_grizzly_hills={
	location=833
	color={
		170 115 75 
	}
	outgoing={
		name="node_south_seas"
		path={
			3298 3295 2454 880 899 2481 190 3726 31 3725 3976 4086 
		}
		control={
			3050.000000 1602.000000 2615.000000 1116.000000 2457.000000 975.000000 
		}
	}
	outgoing={
		name="node_emerald_sanctuary"
		path={
			2446 767 2448 184 2925 2926 2923 5239 
		}
		control={
			3517.000000 1619.000000 
		}
	}
	outgoing={
		name="node_howling_fjord"
		path={
			2451 738 835 2106 2104 734 
		}
		control={
			3195.000000 1657.000000 
		}
	}
	members={
		950 2458 967 849 2483 2484 3292 3293 1289 2455 918 2481 2480 2479 934 2114 2457 2456 899 2109 865 2478 3296 2454 880 2453 833 2112 2113 2451 2482 3295 3297 3298 2452 2444 811 2485 3294 2443 732 795 2487 2486 3301 3306 3307 3308 2447 712 2445 2449 2488 3299 3300 3309 767 2446 2450 2111 3302 780 2448 747 2489 3305 695 3303 3304 
	}
}
node_howling_fjord={
	location=734
	color={
		29 211 180 
	}
	outgoing={
		name="node_west_azure_span"
		path={
			2103 2102 2468 185 2942 2923 2922 2838 
		}
		control={
			3517.000000 1499.000000 
		}
	}
	outgoing={
		name="node_stormheim"
		path={
			2467 882 2466 186 3966 3987 3188 4262 2681 2678 
		}
		control={
			3367.000000 1447.000000 
		}
	}
	outgoing={
		name="node_tirisfal"
		path={
			2103 2102 2468 185 2942 2945 2921 2920 238 6395 1185 6296 543 
		}
		control={
			3535.000000 1438.000000 
		}
	}
	outgoing={
		name="node_stratholme"
		path={
			2103 2102 2468 185 2942 2945 2921 2920 2944 2941 232 6331 6330 4753 4750 
		}
		control={
			3562.000000 1447.000000 4007.000000 1317.000000 
		}
	}
	outgoing={
		name="node_wetlands"
		path={
			2103 2102 186 3966 3987 2945 2921 3961 3905 245 254 1055 
		}
		control={
			3562.000000 1372.000000 3953.000000 1116.000000 4068.000000 907.000000 
		}
	}
	members={
		680 651 2459 696 2460 3238 2463 600 635 584 2462 564 546 2105 2465 1290 2466 882 2467 734 2464 2104 2110 769 749 782 2102 2103 797 714 867 2468 3239 3240 2107 2461 2108 2106 835 1288 851 4104 
	}
}
node_stormheim={
	location=2678
	color={
		156 133 31 
	}
	outgoing={
		name="node_stormsong_valley"
		path={
			3997 95 3994 5110 5109 
		}
		control={
			3569.000000 1202.000000 
		}
	}
	outgoing={
		name="node_suramar"
		path={
			2671 4241 4239 4238 3183 
		}
		control={
			3399.760010 1181.949951 
		}
	}
	members={
		2678 2679 4243 4244 3186 2690 4246 2687 2689 3184 2688 3185 2681 2682 2683 2680 2685 4247 2684 4245 2686 
	}
}
node_west_azure_span={
	location=2838
	color={
		17 27 51 
	}
	outgoing={
		name="node_stormsong_valley"
		path={
			2922 2921 3961 3996 5109 
		}
		control={
			3757.000000 1409.000000 
		}
	}
	outgoing={
		name="node_ohnahran_plains"
		path={
			5163 5161 5158 5154 5249 5254 2860 2861 5282 
		}
		control={
			3780.000000 1539.000000 
		}
	}
	members={
		2838 2839 5164 5165 5166 5204 5205 5153 5158 5170 5171 2840 5150 5151 5152 5167 5168 5169 2813 2814 2831 5163 5159 2835 5160 5161 5162 2833 2834 5154 5155 5156 5157 2801 5140 5144 5145 5146 5147 5148 2802 2804 5139 5141 5142 5143 
	}
}
node_stormsong_valley={
	location=5109
	color={
		30 85 200 
	}
	outgoing={
		name="node_kul_tiras"
		path={
			5112 2015 6426 570 
		}
		control={
			3794.000000 976.000000 
		}
	}
	members={
		1 11 168 169 170 171 180 2015 3010 5104 5105 5106 5107 5108 5109 5110 5111 5112 5113 5114 5115 5118 5119 5120 5121 5122 6432 6433 6434 6436 6437 6438 6439 6440 6441 6442 6443 
	}
}
node_emerald_sanctuary={
	location=5239
	color={
		110 211 95 
	}
	outgoing={
		name="node_ohnahran_plains"
		path={
			5238 2845 5255 2857 5282 
		}
		control={
			3767.000000 1636.000000 
		}
	}
	members={
		2849 5218 5219 5220 5221 5222 5223 2848 2850 5213 5214 5215 5216 5217 2847 2846 5209 5210 5211 5212 2841 5206 5207 5224 5225 5226 2836 2842 5227 5229 5230 5231 2843 5228 5232 5233 5234 5235 5239 2844 2856 5240 5241 5242 5243 5244 5245 2845 5236 5237 5238 5252 5255 
	}
}
node_ohnahran_plains={
	location=5282
	color={
		61 120 53 
	}
	outgoing={
		name="node_north_thaldrasszus"
		path={
			2862 2863 2895 5287 5336 5337 
		}
		control={
			3888.000000 1664.000000 
		}
	}
	members={
		2837 2854 2859 2857 2862 2861 2858 2860 2851 2852 2853 2863 2895 2873 5246 5247 5248 5249 5250 5251 5253 5254 5256 5257 5258 5259 5260 5261 5262 5263 5264 5265 5266 5267 5268 5269 5270 5271 5272 5273 5274 5275 5276 5277 5278 5279 5280 5281 5282 5283 5284 5285 5286 5287 5288 
	}
}
node_north_thaldrasszus={
	location=5337
	color={
		196 152 64 
	}
	outgoing={
		name="node_eversong"
		path={
			5339 5341 5342 5329 5328 2800 2939 2943 226 6186 626 660 
		}
		control={
			4119.000000 1765.000000 
		}
	}
	outgoing={
		name="node_stratholme"
		path={
			5339 5341 2902 5344 2819 5355 2800 2939 2941 232 6331 6330 4753 4750 
		}
		control={
			4135.000000 1737.000000 
		}
	}
	members={
		2908 5332 5321 5322 2906 2907 5318 5319 2896 2897 2903 5336 5340 2898 5333 5334 5335 5337 5338 5339 2905 5316 5317 5320 5323 2910 2911 2919 5314 5315 2909 
	}
}
node_eversong={
	location=660
	color={
		227 228 98 
	}
	outgoing={
		name="node_tranquillien"
		path={
			6192 2987 6198 555 960 559 945 6237 2517 
		}
		control={
			4539.000000 1527.000000 
		}
	}
	members={
		2991 521 760 2990 2994 724 705 690 2992 2993 558 978 660 626 676 2988 609 2987 944 704 643 2520 2519 961 892 575 593 2989 540 2518 520 2986 2985 960 1064 659 2513 6182 6183 6184 6185 6186 6187 6188 6189 6190 6191 6192 6193 6194 6195 6196 6197 6198 6199 6201 6202 6203 6204 6205 6206 6207 6208 6209 6210 6211 6212 6213 6214 6215 6216 6217 6218 6250 6251 6252 6253 6254 6255 6256 6257 6258 
	}
}
node_tranquillien={
	location=2517
	color={
		212 187 22 
	}
	outgoing={
		name="node_stratholme"
		path={
			6238 2980 6236 2514 776 1921 723 6281 2027 6276 4752 4749 4750 
		}
		control={
			4515.000000 1373.000000 
		}
	}
	members={
		2981 1029 2982 629 1038 2515 1039 2514 2979 2978 1012 2517 1041 2980 2977 1013 945 876 844 860 776 808 791 822 993 6219 6220 6221 6222 6223 6224 6225 6226 6227 6228 6229 6230 6231 6232 6233 6234 6235 6236 6237 6238 6239 6240 6241 6242 6243 6244 6245 6246 6247 6248 6249 
	}
}
node_borean_tundra={
	location=2122
	color={
		35 184 78 
	}
	outgoing={
		name="node_durotar"
		path={
			3273 2331 166 9 8 4894 91 508 5059 1352 1121 3165 3164 
		}
		control={
			2320.000000 1276.000000 1840.000000 970.000000 
		}
	}
	members={
		1260 530 1233 1259 1261 1258 2332 983 2120 510 2122 2121 3270 3271 3273 2336 1052 2335 3233 3272 2348 2337 2339 1002 1019 2123 2334 2331 2116 2341 919 2338 968 2333 2340 2346 2345 2347 951 936 2119 2125 3274 900 2342 2343 881 3269 2344 866 850 2117 2118 3275 3276 3277 3278 3324 4093 4887 4888 4889 4890 4891 3268
	}
}
node_uldum={
	location=1569
	color={
		213 209 48 
	}
	outgoing={
		name="node_silithus"
		path={
			4608 1577 3216 3215 1518 1512 1513 
		}
		control={
			1363.000000 341.000000 
		}
	}
	outgoing={
		name="node_tanaris"
		path={
			477 4597 1571 1419 4531 4530 1543 
		}
		control={
			1500.000000 284.000000 
		}
	}
	members={
		1557 1558 1575 483 1570 1571 1576 1569 477 480 1564 1574 481 482 1567 472 1566 1572 1573 1568 1563 1565 474 473 1559 1234 1235 1236 476 1562 1237 1238 475 1240 1556 3216 1578 1577 4569 4570 4571 4572 4573 4574 4575 4576 4577 4578 4579 4580 4581 4582 4583 4584 4585 4586 4587 4588 4589 4590 4591 4592 4593 4594 4595 4596 4597 4598 4599 4600 4601 4602 4603 4604 4605 4606 4607 4608 4609 4610 4611 4612 4613 4614 4615 4616 4617 4618 4619 4620 4621 4622 4623 4624 4625 4626 4627 4628 4629 4630 4631 
	}
}
node_hyjal={
	location=1334
	color={
		15 135 13 
	}
	inland=yes
	outgoing={
		name="node_winterspring"
		path={
			4990 3200 1700 5020 1330 
		}
		control={
			1672.000000 1228.000000 
		}
	}
	outgoing={
		name="node_azshara"
		path={
			4988 1096 4972 508 1436 1431 2249 
		}
		control={
			1605.000000 1167.000000 1678.000000 1112.000000 
		}
	}
	members={
		1341 1334 3194 3199 3200 1335 3197 3195 3206 1338 1339 1340 3202 1336 1337 3198 3205 1348 1345 1347 1346 3203 1342 1343 1344 4959 4960 4961 4962 4963 4964 4965 4966 4967 4968 4969 4970 4971 4972 4973 4974 4975 4976 4977 4978 4979 4980 4981 4982 4983 4984 4985 4986 4987 4988 4989 4990 4991 4992 4993 4994 4995 4996 4997 4998 4999 5000 5001 5002 5003 5004 5005 5006 5007 5008 5009 5021 
	}
}
node_winterspring={
	location=1330
	color={
		170 231 233 
	}
	inland=yes
	outgoing={
		name="node_felwood"
		path={
			5020 1700 3071 4738 1318 
		}
		control={
			1542.000000 1283.000000 1448.000000 1270.000000 
		}
	}
	members={
		2216 1333 1332 1412 1330 2217 2218 1416 1331 1427 1418 2219 2220 1323 1329 1327 1424 1328 3204 4094 13 14 15 16 17 18 19 20 21 22 23 24 25 26 5010 5011 5012 5013 5014 5015 5016 5017 5018 5019 5020 5022 5023 5024 5025 5026 5027 5028 5029 5030 5031 5032 5033 5039 
	}
}
node_felwood={
	location=1318
	color={
		101 206 120 
	}
	inland=yes
	outgoing={
		name="node_ashenvale"
		path={
			4734 4733 4726 1411 1309 4663 4661 1310 
		}
		control={
			1442.000000 1108.000000 1503.000000 1039.000000 1490.000000 1008.000000 
		}
	}
	members={
		2221 1319 1320 2222 2223 2224 2225 1318 1317 1316 1314 1315 2226 1322 1321 2136 1325 1326 1324 2135 4717 4718 4719 4720 4721 4722 4723 4724 4725 4726 4727 4728 4729 4730 4731 4732 4733 4734 4735 4736 4737 4738 4739 4740 4741 4742 4743 4744 4745 4746 4747 5034 5035 5036 5037 5038 4958
	}
}
node_silithus={
	location=1513
	color={
		224 179 159 
	}
	outgoing={
		name="node_feralas"
		path={
			1509 1245 3377 4480 4479 1247 1490 
		}
		control={
			1267.000000 477.000000 
		}
	}
	outgoing={
		name="node_ungoro"
		path={
			1512 1419 4514 1532 
		}
		control={
			1374.000000 402.000000 
		}
	}
	members={
		1511 1510 1513 1509 1515 1508 1516 1514 1519 1512 1518 1517 1522 3215 366 3161 3162 365 367 361 360 2330 2329 362 1521 363 1520 3163 364 3219 1014 448 1245 4058 4061 4060 4057 4059 4632 4633 
	}
}
node_ungoro={
	location=1532
	color={
		27 99 58 
	}
	inland=yes
	outgoing={
		name="node_tanaris"
		path={
			1531 416 4529 4535 1543 
		}
		control={
			1517.000000 364.000000 
		}
	}
	members={
		1526 1528 1527 1529 1530 1531 1539 1533 1534 1540 1532 1535 1536 1537 3217 2322 4513 4514 4515 4516 4517 4518 4519 4520 4521 4522 4523 4524 
	}
}
node_tanaris={
	location=1543
	color={
		186 224 159 
	}
	outgoing={
		name="node_south_seas"
		path={
			4534 4551 1600 4550 73 3722 3977 4086 
		}
		control={
			1690.000000 395.000000 1963.000000 608.000000 
		}
	}
	outgoing={
		name="node_thousand_needles"
		path={
			4534 4551 1600 1579 2318 
		}
		control={
			1624.000000 419.000000 
		}
	}
	members={
		1545 1538 1547 2321 2328 1552 2323 1544 1548 1555 1242 2325 1543 2327 1542 1541 1554 2326 1551 2324 1549 1243 1239 1241 1244 1546 1553 416 4062 4063 4525 4526 4527 4528 4529 4530 4531 4532 4533 4534 4535 4536 4537 4538 4539 4540 4541 4542 4543 4544 4545 4546 4547 4548 4549 4550 4551 4552 4553 4554 4555 4556 4557 4558 4559 4560 4561 4562 4563 4564 4565 4566 4567 4568 4902 4903 4904 4905 4911 4907 4908 4909 4910 4906 
	}
}
node_thousand_needles={
	location=2318
	color={
		208 94 3 
	}
	inland=yes
	outgoing={
		name="node_barrens"
		path={
			4508 2317 1581 1458 1459 2276 1444 1441 3440 1442 3457 3458 1373 
		}
		control={
			1491.000000 569.000000 1511.000000 679.000000 
		}
	}
	outgoing={
		name="node_dustwallow_marsh"
		path={
			4507 1457 3495 3494 3493 58 1456 
		}
		control={
			1718.000000 537.000000 
		}
	}
	outgoing={
		name="node_feralas"
		path={
			4508 2317 2320 2314 2313 4497 2312 4491 4488 4487 4486 1490 
		}
		control={
			1491.000000 510.000000 1406.000000 564.000000 
		}
	}
	members={
		1457 1460 1581 2318 2319 2317 2316 2320 2315 2314 2313 1582 1583 1584 1585 1580 1579 1550 1449 1459 1458 4497 4498 4499 4500 4501 4502 4503 4504 4505 4506 4507 4508 4509 4510 4511 4512 
	}
}
node_dustwallow_marsh={
	location=1456
	color={
		140 161 233 
	}
	outgoing={
		name="node_barrens"
		path={
			2951 2201 3507 2949 1439 2286 3382 3456 1373 
		}
		control={
			1631.000000 735.000000 
		}
	}
	members={
		1454 3483 3484 3485 3486 3498 1453 1455 3496 3497 3501 3502 3487 3488 3489 3490 3491 3492 1462 1452 3499 1456 2951 3477 3478 1461 2201 2952 2953 3504 3510 1450 1451 3505 3506 3507 3508 1438 3480 3481 3482 3511 3512 3493 3494 3495 3509 1463 3513 3503 2950 3500 5970 4897 4898 4899 4900 4901 
	}
}
node_feralas={
	location=1490
	color={
		91 134 53 
	}
	outgoing={
		name="node_desolace"
		path={
			3378 1389 
		}
		control={
			1226.000000 660.000000 1203.000000 712.000000 1254.000000 759.000000 
		}
	}
	outgoing={
		name="node_mulgore"
		path={
			3378 3426 1473 
		}
		control={
			1348.260010 610.700012 1394.000000 683.000000 
		}
	}
	members={
		2312 2310 1496 1493 1494 2309 1495 2308 3218 1249 1492 2307 1246 1490 2504 1252 1253 2306 1488 1498 1250 1489 1486 1251 1485 2304 1497 2303 2305 1487 1491 1499 1248 1247 568 569 572 4449 4450 4451 4452 4453 4454 4455 4456 4457 4458 4459 4460 4461 4462 4463 4464 4465 4466 4467 4468 4469 4470 4471 4472 4473 4474 4475 4476 4477 4478 4479 4480 4481 4482 4483 4484 4485 4486 4487 4488 4489 4490 4491 4492 4493 4494 4495 4496 4912 4913 4915 4916 4917 4918 4914 2311
	}
}
node_mulgore={
	location=1473
	color={
		130 179 130 
	}
	inland=yes
	outgoing={
		name="node_desolace"
		path={
			1397 1377 3695 1292 1389 
		}
		control={
			1346.000000 799.000000 
		}
	}
	outgoing={
		name="node_barrens"
		path={
			1388 3420 1470 3376 3452 1374 3458 1373 
		}
		control={
			1464.000000 772.000000 
		}
	}
	members={
		3426 1397 1388 3424 3423 3425 1473 1468 1469 3427 1377 1470 1482 1471 3420 3428 1404 1472 1474 2296 3421 3422 1476 1445 2297 1475 3418 3419 3429 1477 1483 2295 3416 3417 1484 3412 3413 3414 3415 3411 
	}
}
node_barrens={
	location=1373
	color={
		237 235 150 
	}
	outgoing={
		name="node_south_seas"
		path={
			3465 3461 1375 122 116 3722 3977 4086 
		}
		control={
			1664.000000 751.000000 1855.000000 721.000000 
		}
	}
	outgoing={
		name="node_ashenvale"
		path={
			3455 1368 3453 3389 4666 4665 1310 
		}
		control={
			1518.000000 956.000000 1456.000000 981.000000 
		}
	}
	outgoing={
		name="node_durotar"
		path={
			3464 3467 2285 3471 2282 2288 1426 3395 3164 
		}
		control={
			1573.969971 864.780029 1649.000000 914.000000 
		}
	}
	members={
		2282 1371 1370 3471 1365 1409 1420 3453 3475 1373 1422 3464 3465 1375 3461 3462 1374 3456 3457 3458 3459 3460 1368 3454 3455 3474 2286 1376 3447 1423 3463 1372 3467 2285 3472 2283 3473 1421 3466 1439 1440 2949 3443 3444 3449 1369 1443 3451 3452 1442 3446 3448 1441 1444 3440 3441 3445 1447 3435 3436 3437 3438 3439 2287 1465 1446 1448 1464 3434 
	}
}
node_desolace={
	location=1389
	color={
		134 132 132 
	}
	outgoing={
		name="node_stonetalon"
		path={
			1292 2298 3390 1405 
		}
		control={
			1255.000000 882.000000 1281.000000 959.000000 
		}
	}
	members={
		2299 1400 1387 2298 1467 1390 1255 2300 1403 1399 1391 1254 1256 1392 1395 1398 1394 2302 1396 2301 1402 1401 1257 1393 1389 1293 1292 1294 3663 3664 3665 3666 3667 3668 3669 3670 3671 3672 3673 3674 3675 3676 3677 3678 3679 3680 3681 3682 3683 3684 3685 3686 3687 3688 3689 3690 3691 3692 3693 3694 3695 
	}
}
node_stonetalon={
	location=1405
	color={
		198 130 29 
	}
	inland=yes
	outgoing={
		name="node_ashenvale"
		path={
			3639 1406 3636 1367 3635 4660 4662 4661 1310 
		}
		control={
			1290.000000 986.000000 1307.000000 1016.000000 1345.000000 1023.000000 
		}
	}
	members={
		1355 1356 2277 1359 1358 1360 1386 1405 1357 1362 1364 1367 1361 1406 1363 2278 1407 2279 2280 1408 2281 1366 3656 3655 3654 3634 3662 3653 3649 3651 3652 3657 3658 3648 3661 3660 3659 3647 3645 3646 3650 3639 3640 3642 3641 3636 3638 3637 3635 3644 3643 
	}
}
node_bloodmyst={
	location=1077
	color={
		174 31 30 
	}
	outgoing={
		name="node_azuremyst"
		path={
			3367 2269 48 3345 3344 
		}
		control={
			942.000000 1295.000000 
		}
	}
	members={
		2271 2272 1085 3369 1084 2269 2270 3370 3371 3372 2273 1081 1082 3368 1077 2266 3364 1083 2267 1080 2275 1079 3360 1078 1076 2274 3361 3366 1074 1075 2268 3362 3363 3365 3367 
	}
}
node_azuremyst={
	location=3344
	color={
		105 213 232 
	}
	outgoing={
		name="node_teldrassil"
		path={
			1087 1095 2264 87 55 89 2019 3325 3327 
		}
		control={
			1022.000000 1310.000000 
		}
	}
	outgoing={
		name="node_darkshore"
		path={
			1087 1095 1086 1088 87 55 4215 1300 
		}
		control={
			1153.000000 1263.000000 
		}
	}
	members={
		1094 2261 1093 2258 2259 2260 1089 2262 3352 3353 3354 3358 1090 1091 1092 2263 3350 3373 3374 3349 1087 2265 3344 3345 3346 3347 3348 3351 1086 1088 1095 2264 3355 3356 3357 
	}
}
node_teldrassil={
	location=3327
	color={
		40 246 91 
	}
	outgoing={
		name="node_darkshore"
		path={
			3329 1071 3267 3332 3331 3330 3328 94 4215 1300 
		}
		control={
			1318.000000 1371.000000 
		}
	}
	members={
		1070 3336 3337 3338 1071 3267 3329 3333 1069 3340 3341 3342 1067 1068 1072 3334 3335 3339 1073 3168 3169 3170 3325 3326 3327 1065 3328 3330 3331 3332 
	}
}
node_darkshore={
	location=1300
	color={
		63 37 89 
	}
	outgoing={
		name="node_ashenvale"
		path={
			2254 4698 4694 1410 4693 4690 4686 2251 1411 1309 4663 4661 1310 
		}
		control={
			1354.000000 1151.000000 
		}
	}
	members={
		1295 1296 1297 2255 1298 1299 1300 2254 2253 1301 1302 1303 2251 1410 1304 2252 4680 4681 4682 4683 4684 4685 4686 4687 4689 4690 4691 4692 4693 4694 4695 4696 4697 4698 4699 4700 4701 4702 4703 4704 4705 4706 4707 4708 4709 4710 4711 4712 4713 4714 4715 4716 
	}
}
node_paradise_isles={
	location=4114
	color={
		55 122 73 
	}
	outgoing={
		name="node_nazjatar"
		path={
			4038 5 387 617 616 
		}
		control={
			2780.370117 898.640015 
		}
	}
	outgoing={
		name="node_south_seas"
		path={
			3127 77 79 379 4085 4086 
		}
		control={
			2604.000000 831.000000 
		}
	}
	outgoing={
		name="node_voldun"
		path={
			4038 42 432 1113 
		}
		control={
			2938.000000 766.000000 
		}
	}
	members={
		4115 4114 4112 4116 4117 4113 4118 4153 4154 4151 4150 4149 4148 4147 4152 4141 4142 4143 4144 4145 4146 3091 3092 3093 3094 3095 3096 3097 3098 3099 3100 3101 3102 3103 3104 3105 3106 3107 3108 3109 3110 3111 3112 3113 3114 3115 3116 3117 3118 3119 3120 3121 3122 3123 3124 3125 3126 3127 3128 3129 3130 3131 3132 3133 3134 3135 3136 3137 3138 3139 3140 3141 3142 3143 3144 
	}
}
node_nazjatar={
	location=616
	color={
		146 151 211 
	}
	outgoing={
		name="node_azsuna"
		path={
			3983 6 3998 2691 2662 
		}
		control={
			3110.000000 1107.000000 
		}
	}
	outgoing={
		name="node_azshara"
		path={
			620 590 579 394 31 3725 52 56 2249 
		}
		control={
			2123.000000 1073.000000 
		}
	}
	outgoing={
		name="node_voldun"
		path={
			617 387 5 432 1113 
		}
		control={
			3019.000000 846.000000 
		}
	}
	members={
		573 577 579 588 590 611 620 621 616 617 
	}
}
node_voldun={
	location=1113
	color={
		209 145 25 
	}
	outgoing={
		name="node_azsuna"
		path={
			432 4016 3998 2691 2662 
		}
		control={
			3164.000000 935.000000 
		}
	}
	outgoing={
		name="node_nazmir"
		path={
			2732 2630 2627 1126 1124 1122 
		}
		control={
			3235.000000 769.000000 
		}
	}
	members={
		1119 2629 2628 1118 1115 1131 2736 2737 1117 2626 1120 2730 2731 2729 2627 2630 2733 2728 2633 1114 2738 2759 2632 1116 2735 2734 1113 2631 2732 
	}
}
node_azshara={
	location=2249
	color={
		32 153 217 
	}
	outgoing={
		name="node_ashenvale"
		path={
			1431 5058 2248 1352 1963 2227 1411 1309 4663 4661 1310 
		}
		control={
			1617.000000 1022.000000 1527.000000 985.000000 
		}
	}
	outgoing={
		name="node_durotar"
		path={
			5055 5067 2242 3476 3164 
		}
		control={
			1684.000000 1008.000000 
		}
	}
	members={
		1428 1429 2246 2247 1430 2250 1432 2244 2249 1431 2245 1436 2239 2240 2248 1352 1433 2242 2243 2241 1434 4092 4090 4091 4089 5040 5041 5042 5043 5044 5045 5046 5047 5048 5049 5050 5051 5052 5053 5054 5055 5056 5057 5058 5059 5060 5061 5062 5063 5064 5065 5066 5067 5068 5069 5070 5071 5072 5073 5074 4688 5966 5967 5968 5969 3442 3479 5964 5965 4892 4893 4894 4895 4896 
	}
}
node_durotar={
	location=3164
	color={
		130 12 15 
	}
	members={
		3164 3165 3166 3167 3395 3396 3397 3398 3399 1378 1426 2289 3400 3409 3410 1381 2290 2294 3408 3407 1384 3403 3404 2291 1383 2293 3402 3470 1380 2284 3401 3469 1379 2288 3468 2292 3406 1382 1385 3405 4801 4802 4803 4804 
	}
	end=yes
}
node_ashenvale={
	location=1310
	color={
		130 105 232 
	}
	inland=yes
	members={
		1307 2229 1309 2228 1305 2256 1310 1308 2237 1311 2238 1313 2227 1312 2230 2232 1349 2235 1351 2231 1353 2233 2234 1350 1354 2236 4634 4635 4636 4637 4638 4639 4640 4641 4642 4643 4644 4645 4646 4647 4648 4649 4650 4651 4652 4653 4654 4655 4656 4657 4658 4659 4660 4661 4662 4663 4664 4665 4666 4667 4668 4669 4670 4671 4672 4673 4674 4675 4676 4677 4678 4679 1306
	}
	end=yes
}
node_azsuna={
	location=2662
	color={
		79 92 140 
	}
	outgoing={
		name="node_suramar"
		path={
			2660 2676 4234 4235 4237 3183 
		}
		control={
			3329.000000 1147.000000 
		}
	}
	members={
		2666 2657 4269 4268 4266 2656 4267 3179 2658 2691 2659 2662 3178 2663 2664 2665 2660 2661 5079 5080 5081 5082 5083 5084 5085 5086 
	}
}
node_suramar={
	location=3183
	color={
		103 41 168 
	}
	outgoing={
		name="node_nazmir"
		path={
			4237 4235 4234 2676 216 414 4019 1132 1122 
		}
		control={
			3347.000000 1042.000000 3274.000000 917.000000 
		}
	}
	outgoing={
		name="node_kul_tiras"
		path={
			3990 3992 41 3994 5120 5119 5111 6426 570 
		}
		control={
			3527.000000 1094.000000 3541.000000 974.000000 3672.000000 957.000000 
		}
	}
	members={
		3182 3183 2669 4232 4238 4239 4241 4240 4237 4233 4236 4235 4234 4242 4248 2670 2671 2674 2675 2676 2677 2673 2672 
	}
}
node_nazmir={
	location=1122
	color={
		158 81 73 
	}
	outgoing={
		name="node_drustvar"
		path={
			1132 4019 4001 5093 
		}
		control={
			3441.000000 785.000000 
		}
	}
	outgoing={
		name="node_zandalar"
		path={
			2722 3579 2622 2755 2750 2749 2469 
		}
		control={
			3312.010010 668.590027 
		}
	}
	members={
		1122 2723 2724 2722 1127 2624 2623 2727 2625 1123 2618 1126 1124 2718 2719 2721 2726 2725 1132 2715 2709 2710 2711 2712 1128 2714 1129 2713 2716 2717 1130 
	}
}
node_zandalar={
	location=2469
	color={
		68 136 63 
	}
	outgoing={
		name="node_south_seas"
		path={
			2620 754 2632 4022 140 42 4038 151 379 4085 4086 
		}
		control={
			2906.000000 628.000000 2720.000000 563.000000 2652.000000 643.000000 2526.000000 705.000000 
		}
	}
	members={
		2619 2750 2469 2749 2747 2751 2748 2613 2746 2745 2744 1133 2616 2611 2471 2509 2758 2621 2757 2470 2620 1108 2756 1112 2742 2508 2743 2622 1136 2755 1135 2615 2614 2752 2754 2753 1110 2617 2740 2741 1111 2720 2739 1232 2612 2760 4772 4773 4776 4767 4768 4769 4919 4920 4921 4922 4927 4924 4925 4926 4923 
	}
}
node_south_seas={
	location=4086
	color={
		226 131 64 
	}
	members={
		1097 1109 1098 1099 1100 1101 1106 1107 1102 1105 1103 1104 4064 4065 4071 4067 4066 4069 4068 4070 4073 4072 4085 4086 4083 4084 4082 4081 4080 4074 4075 4076 4078 4079 4077 4087 4088 5075 5076 5077 5078 
	}
	end=yes
}
node_drustvar={
	location=5093
	color={
		48 21 40 
	}
	outgoing={
		name="node_kul_tiras"
		path={
			280 5091 6444 5087 6403 4000 570 
		}
		control={
			3730.000000 904.000000 
		}
	}
	members={
		263 264 277 278 279 280 281 639 824 2014 5087 5088 5089 5090 5091 5092 5093 5094 5095 5096 5097 5098 6402 6403 6404 6405 6406 6407 6408 6409 6410 6411 6412 6413 6414 
	}
}
node_kul_tiras={
	location=570
	color={
		23 110 105 
	}
	outgoing={
		name="node_tol_barad"
		path={
			426 3905 243 989 
		}
		control={
			3876.000000 936.000000 
		}
	}
	members={
		570 3011 3015 3013 257 258 259 260 262 261 3009 179 3012 3014 182 181 4108 4109 2702 2703 2706 246 249 2708 2707 247 2705 2701 2704 5099 5100 5101 5102 5103 5116 5117 6415 6416 6417 6418 6419 6420 6421 6422 6423 6424 6425 6426 6427 6428 6429 6430 6431 6435 
	}
}
node_tol_barad={
	location=989
	color={
		107 174 125 
	}
	outgoing={
		name="node_gilneas"
		path={
			243 3019 3018 804 927 
		}
		control={
			4161.000000 996.000000 
		}
	}
	outgoing={
		name="node_hillsbrad"
		path={
			243 842 820 890 251 991 
		}
		control={
			4249.000000 992.000000 
		}
	}
	outgoing={
		name="node_wetlands"
		path={
			243 255 254 1055 
		}
		control={
			4260.000000 951.000000 
		}
	}
	members={
		2004 957 2003 2006 2009 2005 2007 2008 974 2010 2011 989 2013 2012 691 
	}
}
node_hillsbrad={
	location=991
	color={
		121 213 52 
	}
	outgoing={
		name="node_andorhal"
		path={
			1027 538 3066 591 6343 2020 688 
		}
		control={
			4345.000000 1155.000000 4393.000000 1191.000000 
		}
	}
	outgoing={
		name="node_alterac"
		path={
			959 2964 863 
		}
		control={
			4286.000000 1125.000000 
		}
	}
	outgoing={
		name="node_arathi"
		path={
			2995 845 1931 3003 
		}
		control={
			4360.000000 1083.000000 
		}
	}
	outgoing={
		name="node_silverpine"
		path={
			959 2961 2960 720 
		}
		control={
			4236.000000 1113.000000 
		}
	}
	members={
		991 959 976 2996 538 1027 624 741 721 845 2995 1931 
	}
}
node_arathi={
	location=3003
	color={
		234 31 36 
	}
	outgoing={
		name="node_wetlands"
		path={
			981 252 3022 1767 1055 
		}
		control={
			4316.000000 992.000000 
		}
	}
	members={
		527 1929 1934 966 3004 3047 1000 3007 3002 3001 3003 3000 981 506 687 1933 641 1937 1932 606 1935 1936 623 897 673 3006 3005 1770 1769 1768 
	}
}
node_wetlands={
	location=1055
	color={
		53 95 187 
	}
	outgoing={
		name="node_loch_modan"
		path={
			1767 499 622 1152 1766 1751 1048 3031 655 
		}
		control={
			4338.000000 932.000000 4353.000000 938.000000 4344.000000 901.000000 4370.000000 882.000000 4399.000000 870.000000 4437.000000 868.000000 4445.000000 852.000000 4439.000000 829.000000 
		}
	}
	members={
		1055 622 1767 3022 580 3023 3026 1764 3024 1032 656 571 874 3027 1763 1939 788 1765 999 1940 3028 516 554 536 1751 589 1766 605 
	}
}
node_loch_modan={
	location=655
	color={
		200 184 163 
	}
	inland=yes
	outgoing={
		name="node_dun_morogh"
		path={
			3031 1944 1149 1943 1151 941 
		}
		control={
			4427.000000 850.000000 4411.000000 847.000000 4383.000000 781.000000 4336.000000 803.000000 
		}
	}
	outgoing={
		name="node_badlands"
		path={
			1046 3033 1143 1970 
		}
		control={
			4512.000000 791.000000 4514.000000 742.000000 
		}
	}
	members={
		3032 1941 1047 792 3029 1942 3034 1752 655 1048 3031 1046 3030 3033 1137 552 1953 1945 1944 
	}
}
node_badlands={
	location=1970
	color={
		231 233 53 
	}
	outgoing={
		name="node_searing_gorge"
		path={
			1971 1978 1974 1967 1954 1144 1959 
		}
		control={
			4427.000000 738.000000 4390.000000 737.000000 4377.000000 728.000000 
		}
	}
	outgoing={
		name="node_burning_steppes"
		path={
			1971 1978 1974 1967 1066 1741 3054 
		}
		control={
			4435.000000 730.000000 4424.000000 694.000000 
		}
	}
	members={
		1977 1975 1976 1745 1968 1970 1971 1969 1967 1979 1974 1973 1972 1978 
	}
}
node_searing_gorge={
	location=1959
	color={
		80 37 33 
	}
	inland=yes
	outgoing={
		name="node_burning_steppes"
		path={
			1965 1957 1741 3054 
		}
		control={
			4348.000000 718.000000 
		}
	}
	members={
		1954 1955 1956 1958 1965 1959 1960 1966 1957 1961 1964 
	}
}
node_dun_morogh={
	location=941
	color={
		247 253 253 
	}
	inland=yes
	outgoing={
		name="node_elwynn"
		path={
			3052 2506 973 1747 429 1062 1022 2203 2206 2202 
		}
		control={
			4295.000000 810.000000 4291.000000 739.000000 4246.000000 700.000000 4201.000000 689.000000 4213.000000 641.000000 
		}
	}
	outgoing={
		name="node_burning_steppes"
		path={
			1151 1134 973 1144 1958 1957 1741 3054 
		}
		control={
			4329.000000 806.000000 
		}
	}
	members={
		515 3053 1943 1134 1007 988 956 2506 2507 3044 817 3045 3043 1949 801 3041 3042 3035 1951 1142 3039 855 839 887 3036 3037 3038 1748 941 3052 3048 3049 3050 3051 973 1746 1747 1750 1749 3025 1140 872 3040 1001 1006 1208 2516 4110 
	}
}
node_burning_steppes={
	location=3054
	color={
		178 35 21 
	}
	inland=yes
	outgoing={
		name="node_redridge"
		path={
			1984 3055 772 2195 737 
		}
		control={
			4404.000000 669.000000 4435.000000 673.000000 4421.000000 631.000000 
		}
	}
	members={
		1962 3057 1952 3154 3155 3156 1983 1982 1981 1980 1659 1653 3054 1991 1741 1984 1985 3055 1986 1987 1988 3056 1989 1990 1742 1743 1744 
	}
}
node_redridge={
	location=737
	color={
		229 120 97 
	}
	inland=yes
	outgoing={
		name="node_elwynn"
		path={
			1040 2143 2144 587 2139 2149 2202 
		}
		control={
			4379.000000 568.000000 4315.000000 573.000000 4274.000000 585.000000 
		}
	}
	members={
		2193 2163 1507 1992 752 772 1525 1601 737 785 2194 717 2195 683 1993 669 800 2196 816 838 2197 2199 1994 2198 1523 650 
	}
}
node_elwynn={
	location=2202
	color={
		208 229 97 
	}
	members={
		1022 2203 2505 2142 2149 2202 2204 2206 2205 2207 2141 603 2139 2138 550 567 619 2200 2140 1639 1618 1058 533 587 986 2146 2147 2145 913 661 2148 954 1005 2143 2144 3171 3172 3173 3174 3175 3176 3177 4111 
	}
	end=yes
}
node_alterac={
	location=863
	color={
		10 10 0 
	}
	inland=yes
	outgoing={
		name="node_silverpine"
		path={
			702 720 
		}
		control={
			4226.000000 1156.000000 
		}
	}
	members={
		863 2964 3066 518 1010 3067 773 2965 3070 756 556 2966 943 3060 3064 3065 3061 3063 3062 
	}
}
node_gilneas={
	location=927
	color={
		209 213 52 
	}
	outgoing={
		name="node_silverpine"
		path={
			525 914 685 672 720 
		}
		control={
			4181.000000 1082.000000 
		}
	}
	members={
		914 525 505 848 3017 927 890 3021 908 820 842 3020 804 3018 3016 3019 774 809 789 757 962 858 4107 4106 4105 4928 4929 4930 4931 4932 4933 
	}
}
node_silverpine={
	location=720
	color={
		191 198 242 
	}
	outgoing={
		name="node_tirisfal"
		path={
			702 4754 4755 731 6387 6380 6381 543 
		}
		control={
			4224.000000 1194.000000 
		}
	}
	members={
		663 702 746 671 731 720 1947 677 1948 1946 2096 2959 2963 2961 2960 672 686 2962 685 1924 4754 4755 711 2001 2002
	}
}
node_tirisfal={
	location=543
	color={
		26 134 25 
	}
	outgoing={
		name="node_andorhal"
		path={
			2024 1178 688 
		}
		control={
			4279.000000 1254.000000 4335.000000 1230.000000 
		}
	}
	members={
		543 648 1927 1928 528 1926 2958 2957 740 979 964 1044 2024 931 2956 1015 3068 2955 560 1925 646 662 1950 2954 2192 3059 3058 727 1998 2016 2017 2018 6283 6292 6296 6360 6361 6362 6363 6364 6365 6366 6367 6368 6369 6370 6371 6372 6373 6374 6375 6376 6377 6378 6379 6380 6381 6382 6383 6384 6385 6386 6387 6388 6389 6390 6391 6392 6393 6394 6395 6396 6397 6398 6399 6400 6401 
	}
}
node_andorhal={
	location=688
	color={
		149 218 167 
	}
	inland=yes
	outgoing={
		name="node_stratholme"
		path={
			6346 6344 6338 2022 6359 1195 4750 
		}
		control={
			4431.000000 1280.000000 
		}
	}
	members={
		790 2969 2968 1844 607 591 2967 2020 688 703 1923 742 821 805 3069 722 775 2021 2022 2023 2025 859 843 2187 6332 6333 6334 6335 6336 6337 6338 6339 6340 6341 6342 6343 6344 6345 6346 6347 6348 6349 6350 6351 6352 6353 6354 6355 6356 6357 6358 6359 
	}
}
node_stratholme={
	location=4750
	color={
		168 242 245 
	}
	members={
		642 2975 608 3075 625 592 723 1921 507 2973 2976 1922 932 2179 729 3073 992 1011 1028 519 539 915 574 928 3072 557 2974 1054 875 2971 3074 778 891 2972 2170 2175 2172 2168 2027 743 4748 4749 4750 4751 4752 4753 2190 2026 2124 2970 6273 6274 6275 6276 6277 6278 6279 6280 6281 6282 6284 6285 6286 6287 6288 6289 6290 6291 6293 6294 6295 6297 6298 6299 6300 6301 6302 6303 6304 6305 6306 6307 6308 6309 6310 6311 6312 6313 6314 6315 6316 6317 6318 6319 6320 6321 6322 6323 6324 6325 6326 6327 6328 6329 6330 6331 
	}
	end=yes
}
