impassable = {
    368 508 604 640 647 654 657 658 665 666 667 668 670 674 675 678 684 689 694 699 700 709 718 719 738 745 754 758 759 765 768 770 786 793 798 813 818 819 823 831 847 854 857 861 871 877 886 905 906 907 909 910 912 923 924 929 940 948 952 955 963 965 972 977 980 987 1008 1023 1024 1030 1031 1036 1040 1049 1053 1059 1060 1062 1063 1066 1096 1121 1138 1139 1141 1143 1144 1145 1146 1147 1148 1149 1150 1151 1152 1153 1154 1155 1156 1157 1158 1159 1160 1161 1162 1163 1164 1165 1166 1167 1168 1169 1170 1171 1172     1178 1179 1181 1182   1185          1195     1200  1202 1203   1207 1209 1210 1211 1212 1213 1214 1215 1216 1217 1218 1219 1220 1221 1222 1224 1230 1231 1411 1413 1414 1415 1419 1425 1479 1481 1501 1503 1524 1600 1640 1660 1700 1826 1963 2019 2137 2257 2276 3071 3376 3377 3378 3379 3380 3381 3382 3383 3384 3385 3386 3387 3388 3389 3390 3391 3392 3393 3394 3430 3431 3432 3433 3476 3741
    
    2761 2762 2763 2800
    3082 3083 3084 3085 3086
    4840 5149 5313
    
    5654 5655 5656 5657 5658 5659 5660 5661 5662 5663 5664 5665 5666 5667 5668 5669 5670 5671 5672 5673 5674 5675 5676 5677 5678 5679 5680 5681 5682
    
    5971 5972 5973 5974 5975 5976 5977 5978
    
    6172 6173 6174
    
    # Sea
    328 3968 4208 3719 3718 3905 3726 3725 3724 3723 3722 3717 3737 3738 3739 3740 4
	
	# Blank
	1223 2573 2574 2575 2577 2582 2586 2587 2588 5417 5432 5648 5649 5650 5651 5652 5653 6273 6274 6275 6276 6277 6278 6279 
	2832
}

tropical = {
    # Un'goro Crater
    1526 1528 1527
    1529 1530 1531 1539 416
    1533 1534 1540 1532
    1535 1536 1537 3217 
	4513 4514 4515 4516 4517 4518 4519 4520 4521 4522 4523 4524
    
    # Kezan
    1097 1109 1098 1099 1100 1101
    1106 1107
    1102 1105 1103 1104
    
    # Plunder Isle
    3207 2472 3208 4756 4782
    4137 4763
    3209 4134 4764
    4135 4757 4758 
    4136 4759 4781
    4140 4138 4760 4765
    4139 4761 4762
    4131 4130 4783 4784 4785 
    4133 4132 4778 4779 4780
    27 28 29 33 36 37 38 39 40 44 45 46 57 62 74 75 78 84 96 97 98 99 100 101 102 103 104 105 106 108 109 112 113 114 119 120 121 123 125 126 127 129 130 131 132 133 134 135 136 137 139 141 143 144 149 150 152 153 154 155 156 157 158 159 167 174 176 177 178 183 
    
    # Nazmir
    1122 2723 2724 2722
    1127 2624 2623 2727
    2625 1123 2618
    1126 1124 2718 2719 2721
    2726 2725 1132 2715
    2709 2710 2711 2712 1128
    2714 1129 2713
    2716 2717 1130
    
    # Zuldazar
    2619 2750 2469 2749 2747 2751 2748 2613 
    2746 2745 2744 1133 2616
    2611 2471 2509
    2758 2621 2757 
    2470 2620 1108 2756 
    1112 2742 2508 2743
    2622 1136 2755 
    1135 2615 
    2614 2752 2754 2753
    1110 2617 2740 2741
    1111 2720 2739
    1232 2612 2760
    4772 4773 4776 
    4767 4768 4769  
	
    # Stranglethorn
    715 750 735 
    636 652 681 697
    565 601 585 1997 1996
    783 3077 3078 3079 3080
    548 1056 531 511
    969 1003 1020 984 
    937 920 883 852 
    2166 996 
    2167 868 693
    997 2165
    902 1478 1480 1502 1500
    215
    
    # Jade Forest
    1735
    1734
    1736
    1727
    1737
    1720 2068 2067 2070 2071 1721
    1718 1738 1719 2069 1739
    1740 1722 1723 2072
    2079 2073 1724 1733 2077
    1726 1725 2076 2074
    1729 2075 1732 1728 1730
    2080 2078 1731
    
    # Krasarang Wilds
    1788 1773 1774 
    1775
    1776 1777 1784 1778
    1780 1781 1779 
    1787 1782 1783 1789 4957
    348 405 840 1206 1417 1909
    
    # Isle of Thunder
    1884 1885 1886 1887 1883 1882
    1888 1891 1889 1890
    
    # Isle of Giants
    1920 4119 4120 4122 4123
    
    # Sholazar Basin
    766 2351 2349 2099 2115 2350
    916 526 2359 692
    939 2356 595 2355 1265
    971 762 2358 1264 2354 2100
    1263 2353 2352
    2357 826
    2097 578 1262 2098
    
    # Tanaan Jungle
    3792 5539 5540 5541
    5538 3791 5548 5547 3790
    3789 3788 5549 5550
    3785 5551 5552 5557 
    3805 5566 5567 5543
    3784 5559 5560
    3953 5563 5564 3954 5565
    3786 5558 5553 5556
    5545 5544 5546 5542
    5561 3783 5555 5554
    3782 5562 3804
    
    
    # Paradise Isles
    4118 4153 4113 4154 4151 4150 4149 4117 4148 4147 4142 4141 4143 4112 4144 4114 4145 4146 4115 4152 4116 3091 3092 3093 3094 3095 3096 3097 3098 3099 3100 3101 3102 3103 3104 3105 3106 3107 3108 3109 3110 3111 3112 3113 3114 3115 3116 3117 3118 3119 3120 3121 3122 3123 3124 3125 3126 3127 3128 3129 3130 3131 3132 3133 3134 3135 3136 3137 3138 3139 3140 3141 3142 3143 3144 
    
    # Timeless Isle
    4126 4124 4129 4127 4128 4125
    
    # South Seas
    4070 4068 4069 4067 4066 4065 4071 4064 4073 4072 4083 4086 4085 4084 4082 4081 4080 4074 4075 4076 4078 4079 4077 4087 4088
    
    # Echo Isles
    1385 1384 4801 4802 4803
}

arid = {
    # Durotar
    3164 3165 3166 3167 3395 3396 3397 3398 3399 
    1378 1426 2289 3400 3409 3410
    1381 2290 2294 3408 3407
    3403 3404 3405
    2291 1383 2293 3402
    3470 1380 2284 3401
    3469 1379 2288 3468
    2292 3406 1382
    
    # North Barrens
    2282 1371 1370 3471 
    1365 1409 1420 3453 3475
    1373 1422 3464 3465 
    1375 3461 3462 
    1374 3456 3457 3458 3459 3460
    1368 3454 3455 3474
    2286 1376 3447 1423
    3463
    1372 3467 2285 3472 2283
    3473 1421 3466
    
    # South Barrens
    1439 1440 2949 3443 3444 3449
    1369 1443 3451 3452
    1442 3446 3448 
    1441 1444 3440 3441 3445
    1447 3435 3436 3437 3438 3439
    2287 1465 1446 1448 1464 3434
    1458 1459 1449
    
    # Thousand Needles
    1457 1460 1581
    2318 2319 2317
    2316 2320 2315 2314 2313
    1582 1583 1584
    1585 1580 
    1579 1550 4504 4505 4506 4507 4508 4509 4510 4511 4512
    
    # Silithus
    1511 1510 1513
    1509 1515 1508
    1516 1514 1519 
    1512 1518 1517 1522 3215
    366 3161 3162 365 367
    361 360 2330 2329
    362 1521 363 1520 3163 364 
    3219 1014
    
    # Tanaris
    1545 1538 2322 1547 2321 2328
    1552 2323 1544 1548 1555 1242
    2325 1543 2327 1542 1541 1554
    2326 1551 2324 1549 1243 1239
    1241 1244 1546 1553
	4525 4526 4527 4528 4529
    4530 4531 4532 4533 4534 4535
    4536 4537 4538 4539 4540 4541 4542 4543
    4544 4545 4546 4547 4548
    4549 4550 4551 4552 4553 4554
    4555 4556 4557 4558 4559
    4560 4561 4562 4563
    4564 4565 4566 4567 4568

    # Uldum
    1557 1558 1575 483
    1570 1571 1576
    1569 477 480 
    1564 1574  481 482 
    1567 472 1566
    1572 1573 1568 
    1563 1565 474 473 
    1559
    1234 1235 1236
    476 1562 1237 1238
    475 1240 1556
    3216 1578 1577
	4569 4570 4571 4572 4573 4574 4575 4576 4577 4578 4579 4580
	4581 4582 4583 4584 4585 4586 4587 4588 4589 4590 4591 4592 
	4593 4594 4595 4596 4597 4598 4599 4600 4601 4602 4603 4604 
	4605 4606 4607 4608 4609 4610 4611 4612 4613 4614 4615 4616 
	4617 4618 4619 4620 4621 4622 4623 4624 4625 4626 4627 4628 
	4629 4630 4631 4632 4633
	
    # Vol'dun
    1119 2629 2628 1118
    1115 1131 2736 2737 1117
    2626 1120 2730 2731 2729
    2627 2630 2733 2728
    2633 1114 2738 2759
    2632 1116 2735 2734
    1113 2631 2732
    
    # Burning Steppes
    1962 3057 1952 3154 3155 3156
    1983 1982 1981 1980 1659 1653
    3054 1991 1741 1984
    1985 3055 1986
    1987 1988 3056 
    1989 1990 
    1742 1743 1744
    
    # Searing Gorge
    1954 1955 1956 1958 
    1965 1959 1960 1966
    1957 1961 1964 
    
    # Badlands
    1977 1975 1976 1745
    1968 1970 1971 1969
    1967 1979 1974
    1973 1972 1978
    
    # Hellfire Peninsula
    5921 5919 5920
    5922 5926 5927
    5923 5924 5925
    1586 5918 2028 5928 1587
    1593 5931 5932 5933 5930 5934
    3955 5929 3957
    1599 5943 4416
    1602 4419 4424 4425
    2030 2031 2032
    3958 1594 5935 5937
    1589 5907 5906 5905 2033
    1591 4407 4413 4418 4422 4423
    1590 4408 4410 5912 5911
    1652 5961 5903
    4420 4421 5938
    1595 5939 5940 4426
    1598 5936 2035 5941 4414
    1597 5942 2034 4415 4417
    1596 5944 5904
    2029 1588 4409 5909
    5910 3956 5908 5962 3959
    1592 5913 5914 5915
    4412 4411 5917 5916
    
    # Blade's Edge Mountains
    1681 5747 5750 3699
    5752 1680 5746
    5748 1682 2053 5749
    1683 1684 3705 5751
    1685 1686 3698 5743 5742
    1689 3700 5744
    5745 3701 1688
    1687 3702 5739 5740 5738
    1693 3704 5737 5741
    5736 5730 1694
    1697 1696 3703 5728 5727
    2101 1695 5729 
    1690 2055 1692 5734 
    2054 1698 3706 5735
    5732 5733 1691
    5731 5725 1699 5726
    
    # Blasted Lands
    1034 630 1050
    1035 1045 807 1033 
    853 836 2171 1504
    814 869 1037 2173 
    1043 553 1042 2174
    
    # Deadwind Pass
    2176 938 2182 2162
    953 921 2161
    
    # Gorgrond
    3836 5595 5596 5594
    3843 5593 5590
    3841 3840 5587 3838 5585
    5586 5584 5583
    3842 5589 5588
    3830 5578 5580 5570
    5581 3837 5582 3839
    5579 3835 3834
    5577 3833 3832 5597
    3831 5573 5576 5575
    3828 3829 5569 5599 5598 5568
    3825 3826 5571 5572 5574
    5591 5592 3844 
    
    # Waking Shores
    2883 2882 2881 2884 2885
    2880 2879 2877 2876
    2874 2875 2872 2878
    2886 2887 2888 2891 
    2889 2892 2894 2890 2871
    2893 2869 2866 2867 2868
    2855 2864 2865 2870 5208
	5289 5290 5291 5292 5293 5294 5295 5296
    5297 5298 5299 5300 5301 5302 5303 5304
    5305 5306 5307 5308 5309 5310 5311 5312
}

arctic = {
    # Borean Tundra
    1260 530 1233 1259 1261 1258
    2332 983 2120 
    510 2122 2121 3270 3271 3273
    2336 1052 2335 3233 3272
    2348 2337 2339
    1002 1019 
    2123 2334 2331
    2116 2341 919 2338
    968 2333 2340 2346 2345
    2347 951 936 2119 2125 3274
    900 2342 2343 881 3268 3269
    2344 866 850 2117 2118 3275 3276 3277 3278 3324
    
    # Wintergrasp
    1282 708 834 862 2129 2126 2128 2127 3231
    3223 3224 3225 3226 3227
    
    # Dragonblight
    796 2399 995 2398 781 3248 3249
    812 2130 1283 2397 1281 2492 3232
    2400 2401 2131 748 2403 
    982 2402 3241 3242 3243 3244 3245 3246 3247
    509 2493 3250
    529 545 3251 3252 3253
    3235 3236 3237
    679 2404 2491 1018
    733 2411 2410 713 2405 2408 3255
    2407 2406 2133 2132 3220 3221 3222
    2134 2413 1051
    2418 634 2419 3234 3254
    599 2416 2414 2490
    583 2415 2412
    
    # Icecrown
    1268 1267 2368 2370 2367
    1270 2373 2372 2375
    523 726 2374 2371 3256
    947 2369 3228 3229
    761 2363 2364 2365 
    1225 1266 2361 2360 2362 
    846 2381
    1269 2366 827
    829
    2378 911 1226 2494
    930 895 777 3258 3261
    2376 3257 3259 3260
    830 2379 2377 628
    901 2380 998 
    
    # Storm Peaks
    1278 645 1275
    1280 2388 2387 
    1277 946 2386 2383 2382
    522 2385 2389
    576 2384 
    894 1279 2390 896 1291 1229 3343
    728 2495 2497 2498 2499 2500 2496 2502 2501 2503 3230
    1227 764 2391 2392 3263 3265 3266
    1228 2393 2394 
    828 753 541 2395 2396 3264 3262
    
    # Zul'Drak
    1286 810 2441 2440 
    794 3310 3311 3312 3313 3314
    832 1287 898 3315 3316
    917 2438 2436 2439 3317 3318
    1017 2442 933 2437 3319 3320 3321
    2428 544 2435 2429 2434 3323
    2431 2430 2427 2432
    2433 1285 562 582 779 3322
    1284 633 2421
    649 2420 2422 2425
    2423 2424 598
    1274 664 615 2426
    563 2417
    
    # Grizzly Hills
    950 2458 967 849 2483 2484 3292 3293
    1289 2455 918 2481 2480 2479
    934 2114 2457 2456 
    899 2109 865 2478 3296
    2454 880 2453
    833 2112 2113 2451 2482 3295 3297 3298
    2452 2444 811 2485 3294 
    2443 732 795 2487 2486 3301 3306 3307 3308 
    2447 712 2445 2449 2488 3299 3300 3309
    767 2446 2450 2111 3302
    780 2448 747 2489 3305
    695
    3303 3304
    
    # Crystalsong
    1272 2409 893 3284 3286 3287
    1273 3282 3283
    1276 825 3288 3289 3290 3291
    1271 706 3279 3280 3281 3285
    
    # Howling Fjord
    680 651 2459
    696 2460 3238
    2463 600 635
    584 2462 564
    546 2105 2465 1290 2466 882
    2467 734 2464 2104
    2110 769 749 
    782 2102 2103 797
    714 867 2468 3239 3240
    2107 2461 2108 2106 835 1288 851
    
    # Winterspring
    2216 1333 1332 1412
    1330 2217 2218 
    1416 1331 1427 1418
    2219 2220 1323 1322 1321
    1329 1327 1424 1328
    
    # Frostfire Ridge
    3863 5630 5629 5628 5627
    3867 5623 5624 5625
    3859 5608 5607 5605
    3862 5617 5615
    5616 3861 5620
    3856 5606 5603 3857 5604
    3852 5600 5601 3827
    3854 5611 5614 
    3860 5621 5622
    3868 5626 3865
    5631 5632 3864 5618 5619
    3866 3853 5612 5613
    5610 3858 5609 5602 3855
    
    
    # Strand of the Ancients
    4101 4102 4103
    
    # Isle of Conquest
    4095 4096 4097 4098 4099 4100
    
    # Misc
    4110 4104 
    
    # Dread Chain
    4094 13 14 15 16 17 18 19 20 21 22 23 24 25 26 
    
    # Azure Span
    2823 2825 2824 2826 2827 2821
    2820 2829 2830 2828
    2801 2803 2802 2804
    2805 2806 2822 
    2807 2808 2809 5123
    5124 5125 5126 5127 5128 5129 5130 5131 5132 5133
    5134 5135 5136 5137 5138 5139 5140 5141 5142 5143
    5144 5145 5146 5147 5148 5149 5150 5151 5152 5153
    5154 5155 5156 5157 5158 5159 5160 5161 5162 5163
    5164 5165 5166 5167 5168 5169 5170 5171 5172 5173
    5174 5175 5176 5177 5178 5179 5180 5181 5182 5183
    5184 5185 5186 5187 5188 5189 5190 5191 5192 5193
    5194 5195 5196 5197 5198 5199 5200 5201 5202 5203 
	5204 5205
}

mild_winter = {
    # Tanaan Jungle
    3792 5539 5540 5541
    5538 3791 5548 5547 3790
    3789 3788 5549 5550
    3785 5551 5552 5557 
    3805 5566 5567 5543
    3784 5559 5560
    3953 5563 5564 3954 5565
    3786 5558 5553 5556
    5545 5544 5546 5542
    5561 3783 5555 5554
    3782 5562 3804
    
    # Durotar
    3164 3165 3166 3167 3395 3396 3397 3398 3399 
    1378 1426 2289 3400 3409 3410
    1381 2290 2294 3408 3407
    1385 1384 3403 3404 3405
    2291 1383 2293 3402
    3470 1380 2284 3401
    3469 1379 2288 3468
    2292 3406 1382
    
    # North Barrens
    2282 1371 1370 3471 
    1365 1409 1420 3453 3475
    1373 1422 3464 3465 
    1375 3461 3462 
    1374 3456 3457 3458 3459 3460
    1368 3454 3455 3474
    2286 1376 3447 1423
    3463
    1372 3467 2285 3472 2283
    3473 1421 3466
    
    # South Barrens
    1439 1440 2949 3443 3444 3449
    1369 1443 3451 3452
    1442 3446 3448 
    1441 1444 3440 3441 3445
    1447 3435 3436 3437 3438 3439
    2287 1465 1446 1448 1464 3434
    1458 1459 1449
    
    # Thousand Needles
    1457 1460 1581
    2318 2319 2317
    2316 2320 2315 2314 2313
    1582 1583 1584
    1585 1580 
    1579 1550
    
    # Vol'dun
    1119 2629 2628 1118
    1115 1131 2736 2737 1117
    2626 1120 2730 2731 2729
    2627 2630 2733 2728
    2633 1114 2738 2759
    2632 1116 2735 2734
    1113 2631 2732
    
    # Badlands
    1977 1975 1976 1745
    1968 1970 1971 1969
    1967 1979 1974
    1973 1972 1978
    
    # Un'goro Crater
    1526 1528 1527
    1529 1530 1531 1539 416
    1533 1534 1540 1532
    1535 1536 1537 3217
    
    # Kezan
    1097 1109 1098 1099 1100 1101
    1106 1107
    1102 1105 1103 1104
    
    # Plunder Isle
    3207 2472 3208 4756 4782
    4137 4763
    3209 4134 4764
    4135 4757 4758 
    4136 4759 4781
    4140 4138 4760 4765
    4139 4761 4762
    4131 4130 4783 4784 4785 
    4133 4132 4778 4779 4780
    
    # Nazmir
    1122 2723 2724 2722
    1127 2624 2623 2727
    2625 1123 2618
    1126 1124 2718 2719 2721
    2726 2725 1132 2715
    2709 2710 2711 2712 1128
    2714 1129 2713
    2716 2717 1130
    
    # Zuldazar
    2619 2750 2469 2749 2747 2751 2748 2613 
    2746 2745 2744 1133 2616
    2611 2471 2509
    2758 2621 2757 
    2470 2620 1108 2756 
    1112 2742 2508 2743
    2622 1136 2755 
    1135 2615 
    2614 2752 2754 2753
    1110 2617 2740 2741
    1111 2720 2739
    1232 2612 2760
    4772 4773 4776 
    4767 4768 4769  
	
    # Stranglethorn
    715 750 735 
    636 652 681 697
    565 601 585 1997 1996
    783 3077 3078 3079 3080
    548 1056 531 511
    969 1003 1020 984 
    937 920 883 852 
    2166 996 
    2167 868 693
    997 2165
    902 1478 1480 1502 1500
    215
    
    # Jade Forest
    1735
    1734
    1736
    1727
    1737
    1720 2068 2067 2070 2071 1721
    1718 1738 1719 2069 1739
    1740 1722 1723 2072
    2079 2073 1724 1733 2077
    1726 1725 2076 2074
    1729 2075 1732 1728 1730
    2080 2078 1731
    
    # Krasarang Wilds
    1788 1773 1774 
    1775
    1776 1777 1784 1778
    1780 1781 1779 
    1787 1782 1783 1789 4957
    348 405 840 1206 1417 1909
    
    # Isle of Thunder
    1884 1885 1886 1887 1883 1882
    1888 1891 1889 1890
    
    # Isle of Giants
    1920
    
    # Sholazar Basin
    766 2351 2349 2099 2115 2350
    916 526 2359 692
    939 2356 595 2355 1265
    971 762 2358 1264 2354 2100
    1263 2353 2352
    2357 826
    2097 578 1262 2098
    
    # Blasted Lands
    1034 630 1050
    1035 1045 807 1033 
    853 836 2171 1504
    814 869 1037 2173 
    1043 553 1042 2174
    
    # Deadwind Pass
    2176 938 2182 2162
    953 921 2161
    
    # Gorgrond
    3836 5595 5596 5594
    3843 5593 5590
    3841 3840 5587 3838 5585
    5586 5584 5583
    3842 5589 5588
    3830 5578 5580 5570
    5581 3837 5582 3839
    5579 3835 3834
    5577 3833 3832 5597
    3831 5573 5576 5575
    3828 3829 5569 5599 5598 5568
    3825 3826 5571 5572 5574
    5591 5592 3844 
    
    
    # Paradise Isles
    4118 4153 4113 4154 4151 4150 4149 4117 4148 4147 4142 4141 4143 4112 4144 4114 4145 4146 4115 4152 4116 3091 3092 3093 3094 3095 3096 3097 3098 3099 3100 3101 3102 3103 3104 3105 3106 3107 3108 3109 3110 3111 3112 3113 3114 3115 3116 3117 3118 3119 3120 3121 3122 3123 3124 3125 3126 3127 3128 3129 3130 3131 3132 3133 3134 3135 3136 3137 3138 3139 3140 3141 3142 3143 3144 
    
    # Timeless Isle
    4126 4124 4129 4127 4128 4125
    
    # South Seas
    4070 4068 4069 4067 4066 4065 4071 4064 4073 4072 4083 4086 4085 4084 4082 4081 4080 4074 4075 4076 4078 4079 4077 4087 4088
    
    # Ohn'ahran Plains
    2847 2846
    2848 2850 2849
    2841 2842 2843
    2845 2844 2856 2854
    2859 2857 2862 2861
    2858 2860 2851 2852
    2853 2863 2895 2873 5206 5207
    5209 5210 5211 5212 5213 5214 5215 5216
    5217 5218 5219 5220 5221 5222 5223 5224 5225
    5226 5227 5228 5229 5230 5231 5232 5233 5234
    5235 5236 5237 5238 5239 5240 5241 5242 5243
    5244 5245 5246 5247 5248 5249 5250 5251 5252
    5253 5254 5255 5256 5257 5258 5259 5260 5261
    5262 5263 5264 5265 5266 5267 5268 5269 5270
    5271 5272 5273 5274 5275 5276 5277 5278 5279
    5280 5281 5282 5283 5284 5285 5286 5287 5288
    
    # Thaldrasszus
    2899 2904 2900 2902 2909
    2901 2818 2817 2819
    2896 2897 2903 2898
    2907 2906 2905 2908 
    2910 2911 2919 5314 5315 5316 5317
    5318 5319 5320 5321 5322 5323 5324 5325 5326 5327
    5328 5329 5330 5331 5332 5333 5334 5335 5336 5337
    5338 5339 5340 5341 5342 5343 5344 5345 5346 5347
    5348 5349 5350 5351 5352 5353 5354 5355 5356 5357
	5358 5359 5360 5361 5362 5363 5364
    5365 5366 5367 5368 5369 5370 5371 5372
    5373 5374 5375 5376 5377 5378 5379 5380
}

normal_winter = {
    # Shadowmoon Valley
    3796 3795 5529 5528
    3798 5525 5526 5527 5513
    3851 3800 5516 5515 5510 5509
    3799 5517 5518 5519 5520
    3797 5524 5522
    5523 5521 5514 
    3806 5504 5505 5503 5506
    5507 5508 3807 5501 5502
    3808 3809 5500 5495
    5493 5494 5496
    3810 5489 5490 5488 5484
    3811 5492 5491
    3812 5497 5498 5499
    5512 5511 3801
        
    # Spires of Arak
    3817 3816 5457 5456 5458
    3819 5462 5463
    5461 5460 5459 
    3815 5464 5466 5465 
    5467 3818 5468 5469
    3824 5473 5474 3821 5475
    3823 5478 5476 5477 5472 
    3820 5486 3794 3814
    5470 5471 5485
    3822 5480 5479
    5483 3813 5487 
        
    # Nagrand
    5384 5385 3748 5381
    3749 5383 5382 5386
    3750 5416 5414 5415 
    3752 5387 5389 3751
    3757 5388 5405
    3753 5390 5391
    3756 5393 5400 5411
    3760 5409 5408 5407 5406
    3755 5394 5395
    3766 5399 5398
    3952 5392 3754 5397 5396
    3758 5413 5412 5410 3759
    3763 5404 5403 3762 3761
    5402 5401 3764
    
    # Farahlon
    3846 5642 5644
    5638 3848 5639
    5647 5646 5645 3845
    5633 5634 5635 3850
    5640 5643 5641 
    3849 5636 5637 3847
        
    # Ashran
    3802 5531 5533 5535 5536 5537 5534 5532
    
    # Isle of Quel'Danas
    2991 521 760 2990 2994 724 705 690 2992 2993
    6250 6251 6252 6253 6254 6255 6256 6257 6258 
	
    # Eversong Woods
    558 978 660 626 676 2988 609
    2987 944 704 643 2520 2519
    961 892 575 593 2989 540 2518
    520 2986 2985 960 1064 659 993 2513
	6182 6183 6184 6185 6186 6187 6188 6189 
	6190 6191 6192 6193 6194 6195 6196 6197 
	6198 6199 6201 6202 6203 6204 6205 
	6206 6207 6208 6209 6210 6211 6212 6213 
	6214 6215 6216 6217 6218 6219
	
    # Ghostlands
    2981 1029 2982 629 1038 2515  
    1039 2514 2979 2978 1012 2517 1041 2980
    2977 1013 945 876 844 860 776 808 791
    6220 6221 6222 6223 6224 6225 6226 6227 6228 6229 
	6230 6231 6232 6233 6234 6235 6236 6237 6238 6239 
	6240 6241 6242 6243 6244 6245 6246 6247 6248 6249 
	
    # Zul'Aman
    743 806 822 2984 2209 2211 2511 2512 2213 2212 
    2475 2476 2477 2190 2474 2473 2208 2215 2510 2214
    6200 6259 6260 6261 6262 6263 6264 6265 6266 6267 6268 6269 6270 6271 6272
	
    # Stratholme
    642 2975 608 3075 625 592
    4748 4749 4750 4751 4752 4753
    723 1921
    507 2973 2976
    1922 932 2179 729
    3073 992 1011 1028 519 539 915
    574 928 3072 557 2974 1054
    875 2971 3074 778 891 2972
    859 2026 2096 2124 843
    2170 2175 2172 2168 2027
    
    # Andorhal
    790 2970 2969 2968 1844
    607 591 2967 2020 
    688 703 1923 742
    821 805 3069 722
    775 2021 2022 2023 2187
    
    # Tirisfal
    543 648 1927 1928 528 1926 731
    2958 2957 740 
    979 964 1044 2025 2024
    931 2956 1015 3068
    2955 560 1925 646 662 1950
    2954 2192 3059 3058 727
    711 1998 2001 2002
    2016 2017 2018 
    4754 4755
    
    # Silverpine
    663 1947 677 1948 1946
    2959 702 746 671 2963
    720 2961 2960 672
    686 2962 685 1924
    
    # Gilneas
    914 525 505 848 3017
    927
    890 3021 908
    820 842 3020 804
    3018 3016 3019
    774 809 789 
    757
    962
    858
    
    # Alterac
    863 2964 
    3066 518 1010 3067
    773 2965 3070 756 
    556 2966 943
    3060 3064 3065
    3061 3063 3062
    
    # Hillsbrad
    991 959 976 2996 
    538 1027
    624 741 
    721 845 2995 1931
    
    # Tol Barad
    2004 957 2003 2006
    2009 2005 2007 2008 974
    2010 2011 989 2013 2012
    
    # Zul'dare
    691
    
    # Kul Tiras
    570 3011 3015 3013
    257 258 259 260
    262 261 3009 
    2015 179 3012  
    3014 182 181
    824 2014 639
    264 277 263 280 281 279 278
    171 170 180 169 11 168 3010 1
    4108 4109
    5087 5088 5089 5090 5091 5092 5093 5094
    5095 5096 5097 5098 5099 5100 5101 5102 5103 5104 5105 5106
    5107 5108 5109 5110 5111 5112 5113 5114 5115 5116 5117 5118 5119 5120 5121 5122
	
    # Mechagon
    2702 2703 2706
    246 249 2708 2707 
    247 2705 2701 2704
    
    # Arathi
    527 1929 1934 966 3004
    3047 1000 3007
    3002 3001 3003 3000 981
    506
    687 1933 641 1937 1932
    606 1935 1936 623 897
    673 3006 
    3005 1770 1769 1768
    
    # Hinterlands
    889 644 1930
    926 942 2997 2998 
    958 975 1009 
    1125 1938 537 2999
    517 1772 1771 1875
    1026
    1916 763 990
    1831 1827 1830 1825
    
    # Wetlands
    1055 622 1767 3022
    580 3023 3026 1764 3024
    1032 656 571
    874 3027 1763 1939 788 1765
    999 1940 3028 
    516 554 536 1751
    589 1944 1766 605
    
    # Northron
    1061 1025 1762 878
    803 841
    787 1016 1760 1761 
    888 873 925 856 1755
    802 1753 1754 739 
    755 1756 1757 
    2164 610 701 613 632
    597 614 581 542 1758 1759
    710 561 730 631 744
    
    # Loch Modan
    3032 1941 1047 792
    3029 1942 3034 1752
    655 1048 3031 1046 3030
    3033 1137 552 1953 1945
    
    # Redridge
    2193 2163 1507 1992
    752 772 1525 1601
    737 785 2194 717 2195
    683 1993 669 
    800 2196 816
    838 2197 2199
    1994 2198 1523 650
    
    # Elwynn Forest
    1022 2203 2505 2142
    2149 2202 2204 2206
    2205 2207 2141
    603 2139 2138 550 567
    619 2200 2140 1639 1618
    1058 533
    587 986 2146 2147 2145 913 
    661 2148 954
    1005 2143 2144
    
    # Swamp of Sorrows
    707 2180 884 
    2181 864 725 2191
    2155 2156 994 1505
    638 885 1995 2158 2188 2189 1506
    547 949 2186 2159 2157
    2183 2160 2184 594
    879 2185
    
    # Duskwood
    1021 1004 2177 1057 
    985 970 586 2153 602 
    618 637 2152 682 
    653 2151 2150 903 2178
    698
    
    # Westfall
    716 771 736 
    751 2000 870 904 922
    596 784 612
    815 2154 837 627
    1999 799 2169
    
    # Teldrassil
    1070 3336 3337 3338
    1071 3267 3329 3333
    1069 3340 3341 3342
    1067 1068 1072 3334 3335 3339
    1073 3168 3169 3170 3325 3326 3327 
    1065 3328 3330 3331 3332
    
    # Bloodmyst
    2271 2272 1085 3369
    1084 2269 2270 3370 3371 3372
    2273 1081 1082 3368
    1077 2266 3364
    1083 2267 1080 2275 1079 3360
    1078 1076 2274 3361 3366
    1074 1075 2268 3362 3363 3365 3367
    
    # Azuremyst
    1094 2261 1093 2258 2259 2260
    1089 2262 3352 3353 3354 3358
    1090 1091 1092 2263 3350 3373 3374 3349
    1087 2265 3344 3345 3346 3347 3348 3351
    1086 1088 1095 2264 3355 3356 3357
    
    # Moonglade
    1325 1326 1324 2135 2136 5034 5035 5036 5037 5038
    
    # Darkshore
    1295 1296 1297 2255
    1298 1299 1300 2254 2253 1301
    1302 1303 2251 1410 1304 2252
	4680 4681 4682 4683 4684 4685 4686 4687 4689 4690 4691 4692 4693 
	4694 4695 4696 4697 4698 4699 4700 4701 4702 4703 4704 4705 
	4706 4707 4708 4709 4710 4711 4712 4713 4714 4715 4716
    
    # Zul'Drak
    1286 810 2441 2440 
    794 3310 3311 3312 3313 3314
    832 1287 898 3315 3316
    917 2438 2436 2439 3317 3318
    1017 2442 933 2437 3319 3320 3321
    2428 544 2435 2429 2434 3323
    2431 2430 2427 2432
    2433 1285 562 582 779 3322
    1284 633 2421
    649 2420 2422 2425
    2423 2424 598
    1274 664 615 2426
    563 2417
    
    # Grizzly Hills
    950 2458 967 849 2483 2484 3292 3293
    1289 2455 918 2481 2480 2479
    934 2114 2457 2456 
    899 2109 865 2478 3296
    2454 880 2453
    833 2112 2113 2451 2482 3295 3297 3298
    2452 2444 811 2485 3294 
    2443 732 795 2487 2486 3301 3306 3307 3308 
    2447 712 2445 2449 2488 3299 3300 3309
    767 2446 2450 2111 3302
    780 2448 747 2489 3305
    695
    3303 3304
    
    # Crystalsong
    1272 2409 893 3284 3286 3287
    1273 3282 3283
    1276 825 3288 3289 3290 3291
    1271 706 3279 3280 3281 3285
    
    # Howling Fjord
    680 651 2459
    696 2460 3238
    2463 600 635
    584 2462 564
    546 2105 2465 1290 2466 882
    2467 734 2464 2104
    2110 769 749 
    782 2102 2103 797
    714 867 2468 3239 3240
    2107 2461 2108 2106 835 1288 851
    
    # Borean Tundra
    1260 530 1233 1259 1261 1258
    2332 983 2120 
    510 2122 2121 3270 3271 3273
    2336 1052 2335 3233 3272
    2348 2337 2339
    1002 1019 
    2123 2334 2331
    2116 2341 919 2338
    968 2333 2340 2346 2345
    2347 951 936 2119 2125 3274
    900 2342 2343 881 3268 3269
    2344 866 850 2117 2118 3275 3276 3277 3278 3324
    
    # Felwood
    2221 1319 1320 2222 2223 2224 
    2225 1318 1317 1316 1314 1315 2226
	4717 4718 4719 4720 4721 4722 4723 4724 4725 4726 4727 4728 4729 4730 4731 4732 
	4733 4734 4735 4736 4737 4738 4739 4740 4741 4742 4743 4744 4745 4746 4747
    
    # Mount Hyjal
    1341
    1334 3194 3199 3200
    1335 3197 3195 3206
    1338 1339 1340 3202 
    1336 1337 3198 3205
    1348 1345 1347 1346 3203 3204
    1342 1343 1344
	4961 4962 4963 4964 4965 4966 4967 4968 4969 4970 4971 4972 4973 
	4974 4975 4976 4977 4978 4979 4980 4981 4982 4983 4984 4985 4986 
	4987 4988 4989 4990 4991 4992 4993 4994 4995 4996
	4997 4998 4999 5000 5001 5002 5003 5004 5005 5006 5007 5008 5009
    
    # Ashenvale
    1307 2229 1306 1309 2228 1305 2256
    1310 1308 2237 1311 2238 1313 2227 1312 2230 2232
    1349 2235 1351 2231 1353 2233 2234 1350 1354 2236
	4634 4635 4636 4637 4638 4639 4640 4641 4642 4643 4644 4645 
	4646 4647 4648 4649 4650 4651 4652 4653 4654 4655 4656 4657 
	4658 4659 4660 4661 4662 4663 4664 4665 4666 4667 4668 4669 
	4670 4671 4672 4673 4674 4675 4676 4677 4678 4679
    
    # Azshara
    1428 1429 2246 2247 3442 3479 4688
    1430 2250 1432 2244 
    2249 1431 2245 1436 2239 2240 2248 1352 1433 2242
    2243 2241 1434 5040 5041 5042 5043 5044
    5045 5046 5047 5048 5049 5050 5051 5052 5053 5054
    5055 5056 5057 5058 5059 5060 5061 5062 5063 5064
    5065 5066 5067 5068 5069 5070 5071 5072 5073 5074
	5964 5965 5966 5967 5968 5969 

    
    # Stonetalon
    1355 1356 2277 1359 
    1358 1360 1386
    1405 1357 1362
    1364 1367 1361 1406 1363
    2278 1407 2279
    2280 1408 2281 1366
    
    # Desolace
    2299 1400 1387 2298 1467
    1390 1255 2300
    1403
    1399
    1391 1254 1256 1392
    1395 1398 1394 2302
    1396 2301 1402
    1401 1257 1393
    1389 1293 1292 1294
    
    # Mulgore
    3426 1397 1388 3424 3423 3425 1473
    1468 1469 3427 1377 
    1470 1482 1471 3420 3428 1404
    1472 1474 2296 3421 3422
    1476 1445 2297 1475 3418 3419 3429
    1477 1483 2295 3416 3417 1484
    3412 3413 3414 3415 3411
    
    # Dustwallow Marsh
    1454 3483 3484 3485 3486 3498
    1453 1455 3496 3497 3501 3502
    3487 3488 3489 3490 3491 3492
    1462 1452 3499  1456 2951 3477 3478
    1461 2201 2952 2953 3504 3510
    1450 1451 3505 3506 3507 3508 
    1438 3480 3481 3482 3511 3512
    3493 3494 3495 3509 1463 3513 
	3503 2950 3500 5970
    
    # Feralas
    2311 2312 2310 1496
    1493 1494 2309 1495 
    2308 3218 1249 1245
    1492 2307 448 1246
    1490 2504 1252 1253
    2306 1488 1498 1250
    1489
    1486 1251 1485
    2304 1497 2303 2305 1487
    1491 1499 1248 1247
    568 569 572
	4449 4450 4451 4452 4453 
	4454 4455 4456 4457 4458 4459 
	4460 4461 4462 4463 4464 4465 
	4466 4467 4468 4469 4470 4471 
	4472 4473 4474 4475
    4476 4477 4478 4479 4480 4481 
	4482 4483 4484 4485 4486 4487 
	4488 4489 4490 4491 4492 4493 
	4494 4495 4496
    
    
    # Hidden Valley
    1800 1801 1802 1806 4954 4955
    
    # Valley of the Four Winds
    1799 1805 1797 1798
    1794 1804 1793
    1796 1803 1795
    1792 1791 1790 4956
    1786 1785 1466
    
    # Dread Wastes
    1838 1855 1837
    1834 1835 1845 1836 1846 1849 1848 1853
    1839 1854 1852 1847 1856
    1829 1850 1851 1435 1437
    1840 1833 1832 1858
    1842 1841 1857 1843
    
    # Vale of Eternal Blossoms
    1807 1820 1808 1809 1822 1810
    1812 1813 1821
    1824 1811 1818
    1817 1816 1815 
    1819 1823 1814
    
    # Townlong Steppes
    1864 1859
    1872 1873 1860 1874
    1863 1878 1876
    1866 1865 1870
    1828 1862 1877 1861
    1867 1880 1881 1871
    1868 1879
    1869
    4943 4944 4945 4946 4947 4948 4949 4950 4951 4952 4953
    
    # Kun-lai
    1903 1892 3210 3211 3212
    1905 1904 1915 1902 3213
    1901 1914 1917 3214
    1894 1893 1900 1906
    1907 1896
    1895 1919 1910
    1898 1911 1897 1908 1912
    1913 1899 1918
    
    # Highmountain
    2634 2637 3192 
    2636 3188 
    2635 2638 3187 
    2639 3189 3190 
    2640 2641 2642 
    3191 2643 
    4260 4261 4262 4263 4264
    
    # Val'sharah
    2651 3180 
    2653 2654 2655 
    2644 2645 2646 2649 
    2647 2648 2650 
    3181 2652 2677 
    4265
    
    # Azsuna
    2666
    2656 2657 2691 
    3179 2658 
    2659 2662 3178 
    2663 2664 2665 
    2660 2661 
    4266 4267 4268 4269
	5079 5080 5081 5082 5083 5084 5085 5086
    
    # Suramar
    3182 3183 2669 
    2667 2668 
    2674 2675 2676 
    2670 2671 
    2672 2673 
    4232 4233 4234 4235 4236 4237 4238 4239 4240 4241 4242 4243 4244 4245 4246 4247 4248 4249 4250 4251 4252 4253 4254 4255 4256 4257 4258 4259
    
    # Stormheim
    2678 2679 3184 
    2689 2690 
    2684 2685 2686 
    2688 3185 
    2687 3186 
    2680 2681 2682 2683 
    
    # Talador
    3781 3780 3779 5452 5450 5451
    3765 5419 5418 5420 5421
    5422 3771 5426 5425 5424 
    3770 5433 5434 5435
    3767 3768 5437 5438 5439
    5445 3773 5444 
    3772 5448 3803 5423
    3787 5530
    3793 5481 5482 5441  
    3778 5449 5447 5446 3777
    3769 5428 5429 5427
    5430 3774 5431 5440 5436
    3776 5442 5443 3775
    5455 5453 5454
    
    # Azure Span
    2810 2811 2812
    2813 2831 2814 2815 2816
    2833 2834 2835
    2836 2837 2840 2839 2838 
    
    # Isle of Dorn
    5985 5986 5987 5988 5989 5990 5991 5992 5993 5994 5995 5996 5997 5998 5999 6000 6001 6002 6003 6004 6005 6006 6007 6008 6009 6010 6011 6012 6013 6014 6015 6016 6017 6018 6019 6020 6021 6022 6023 6024 6025 6026 6027 6028 6029 6030 6031 6032 6033 6034
}

severe_winter = {
	# Dun Morogh
    515 3053 1943 1134 1007 988
    956 2506 2507 3044
	817 3045 3043 1949 801 3041
    3042 3035 1951 
    1142 3039 855 839 
    887 3036 3037 3038 1748
    941 3052 3048 3049 3050 3051
    973 1746 1747 
    1750 1749 3025
    1140 872 3040
    1001 1006 1208 2516
    
    # Winterspring
    2216 1333 1332 1412
    1330 2217 2218 
    1416 1331 1427 1418
    2219 2220 1323 1322 1321
    1329 1327 1424 1328
	5010 5011 5012 5013 5014 5015 5016 5017 
	5018 5019 5020 5021 5022 5023 5024 5025 
	5026 5027 5028 5029 5030 5031 5032 5033 5039
    
    # Wintegrasp
    1282 708 834 862 2129 2126 2128 2127 3231
    3223 3224 3225 3226 3227
    
    # Dragonblight
    796 2399 995 2398 781 3248 3249
    812 2130 1283 2397 1281 2492 3232
    2400 2401 2131 748 2403 
    982 2402 3241 3242 3243 3244 3245 3246 3247
    509 2493 3250
    529 545 3251 3252 3253
    3235 3236 3237
    679 2404 2491 1018
    733 2411 2410 713 2405 2408 3255
    2407 2406 2133 2132 3220 3221 3222
    2134 2413 1051
    2418 634 2419 3234 3254
    599 2416 2414 2490
    583 2415 2412
    
    # Icecrown
    1268 1267 2368 2370 2367
    1270 2373 2372 2375
    523 726 2374 2371 3256
    947 2369 3228 3229
    761 2363 2364 2365 
    1225 1266 2361 2360 2362 
    846 2381
    1269 2366 827
    829
    2378 911 1226 2494
    930 895 777 3258 3261
    2376 3257 3259 3260
    830 2379 2377 628
    901 2380 998 
    
    # Storm Peaks
    1278 645 1275
    1280 2388 2387 
    1277 946 2386 2383 2382
    522 2385 2389
    576 2384 
    894 1279 2390 896 1291 1229 3343
    728 2495 2497 2498 2499 2500 2496 2502 2501 2503 3230
    1227 764 2391 2392 3263 3265 3266
    1228 2393 2394 
    828 753 541 2395 2396 3264 3262
    
    # Frostfire Ridge
    3863 5630 5629 5628 5627
    3867 5623 5624 5625
    3859 5608 5607 5605
    3862 5617 5615
    5616 3861 5620
    3856 5606 5603 3857 5604
    3852 5600 5601 3827
    3854 5611 5614 
    3860 5621 5622
    3868 5626 3865
    5631 5632 3864 5618 5619
    3866 3853 5612 5613
    5610 3858 5609 5602 3855
    
    # Strand of the Ancients
    4101 4102 4103
    
    # Isle of Conquest
    4095 4096 4097 4098 4099 4100
    
    # Misc
    4110 4104 4094
    
    # Azure Span
    2823 2825 2824 2826 2827 2821
    2820 2829 2830 2828
    2801 2803 2802 2804
    2805 2806 2822 
    2807 2808 2809 
}

mild_monsoon = {
	# Kezan
    1097 1109 1098 1099 1100 1101
    1106 1107
    1102 1105 1103 1104
    
    # Paradise Isles
    4118 4153 4113 4154 4151 4150 4149 4117 4148 4147 4142 4141 4143 4112 4144 4114 4145 4146 4115 4152 4116 3091 3092 3093 3094 3095 3096 3097 3098 3099 3100 3101 3102 3103 3104 3105 3106 3107 3108 3109 3110 3111 3112 3113 3114 3115 3116 3117 3118 3119 3120 3121 3122 3123 3124 3125 3126 3127 3128 3129 3130 3131 3132 3133 3134 3135 3136 3137 3138 3139 3140 3141 3142 3143 3144 

    # South Seas
    4070 4068 4069 4067 4066 4065 4071 4064 4073 4072 4083 4086 4085 4084 4082 4081 4080 4074 4075 4076 4078 4079 4077 4087 4088 5075 5076 5077 5078

    # Isle of Giants
    1920 4119 4120 4122 4123

    # Plunder Isle
    3207 2472 3208 4756 4782
    4137 4763
    3209 4134 4764
    4135 4757 4758 
    4136 4759 4781
    4140 4138 4760 4765
    4139 4761 4762
    4131 4130 4783 4784 4785 
    4133 4132 4778 4779 4780
    
    # Jade Forest
    1735
    1734
    1736
    1727
    1737
    1720 2068 2067 2070 2071 1721
    1718 1738 1719 2069 1739
    1740 1722 1723 2072
    2079 2073 1724 1733 2077
    1726 1725 2076 2074
    1729 2075 1732 1728 1730
    2080 2078 1731
}

normal_monsoon = {
    # Un'goro Crater
    1526 1528 1527
    1529 1530 1531 1539 416
    1533 1534 1540 1532
    1535 1536 1537 3217
    
    # Zuldazar
    2619 2750 2469 2749 2747 2751 2748 2613 
    2746 2745 2744 1133 2616
    2611 2471 2509
    2758 2621 2757 
    2470 2620 1108 2756 
    1112 2742 2508 2743
    2622 1136 2755 
    1135 2615 
    2614 2752 2754 2753
    1110 2617 2740 2741
    1111 2720 2739
    1232 2612 2760
    4772 4773 4776 
    4767 4768 4769  
    
    # Stranglethorn
    715 750 735 
    636 652 681 697
    565 601 585 1997 1996
    783 3077 3078 3079 3080
    548 1056 531 511
    969 1003 1020 984 
    937 920 883 852 
    2166 996 
    2167 868 693
    997 2165
    902 1478 1480 1502 1500
    
    # Krasarang Wilds
    1788 1773 1774 
    1775
    1776 1777 1784 1778
    1780 1781 1779 
    1787 1782 1783 1789 4957
}

severe_monsoon = {
    # Nazmir
    1122 2723 2724 2722
    1127 2624 2623 2727
    2625 1123 2618
    1126 1124 2718 2719 2721
    2726 2725 1132 2715
    2709 2710 2711 2712 1128
    2714 1129 2713
    2716 2717 1130
    
    # Isle of Thunder
    1884 1885 1886 1887 1883 1882
    1888 1891 1889 1890
    
    # Sholazar Basin
    766 2351 2349 2099 2115 2350
    916 526 2359 692
    939 2356 595 2355 1265
    971 762 2358 1264 2354 2100
    1263 2353 2352
    2357 826
    2097 578 1262 2098
}

equator_y_on_province_image = 656
